2.760255078426565034e-01
2.073524355210822900e-01
6.890504109652753617e-02
1.459419753383887561e-02
1.328351698006364767e-01
3.564483162612377271e-02
1.510637146988177693e-01
2.791773131124751506e-02
3.738867331014226331e-03
9.616215784369411268e-02
2.519304773976794642e+00
1.619983411229733716e-01
6.431108652039113638e-02
8.005404837168375032e-01
5.159904718437985371e-02
2.781394984336883758e-02
3.022516549924686435e-01
4.150284676086632429e-02
5.074219282111390450e-02
6.289327044552478485e-01
1.162313957350689236e-01
5.708122192766088704e-02
1.034968720612928217e-01
5.463245160712028314e-02
4.196677041878643100e-01
3.253182284146302061e-01
3.169471639336830515e-01
4.254694000237574381e-01
4.717937063014208954e-02
2.124506803291939874e-02
6.713900449878204002e-01
2.236595382932709541e-01
3.689271009065949597e-02
5.402684746065632149e-02
1.128865858503535768e-01
1.041423990601138966e-01
4.801012129643705134e-02
1.876331404869453420e-02
1.342008351415186762e-01
1.495650217917649238e-01
3.995923152329874245e-02
1.233739533501147512e-01
1.763387182212974025e-01
5.680195416928580932e-02
1.426023934657604519e-01
1.195153496882531419e-01
7.971476533539276210e-02
6.107545960824031089e-02
7.368634842988195516e-03
1.264262464538654374e-01
8.429794385121315292e-01
4.617576156022455414e-01
6.023804641435297202e-02
3.146517900890272862e-02
1.299195445400171678e-01
7.997230333214772058e-02
1.097846017572378985e+00
2.335723851908840798e-01
5.754550921453740475e-01
3.502677549184900901e-02
1.934070119210872310e-02
3.606680627057935046e-02
2.662703044080618198e-01
2.503622163217301688e-01
9.926930654656242192e-02
3.118611277148694572e-02
4.363426525681265433e-01
6.758287669734323877e-02
4.261514011100186461e-01
4.572003238530322061e-02
4.314859119138199361e-02
2.032565710667268710e-01
9.066655167705503504e-02
1.419879755702320445e-01
2.005120672746394522e-02
2.683676385268183862e-01
9.080891548602081087e-02
2.330479750073797818e-01
3.924782003233268646e-01
2.827024456610507247e-02
7.856296389102754296e-02
1.805296912141630267e-02
2.324427588506357834e-01
1.220474809254698707e-02
3.669483299652998021e-02
6.241895354015434272e-01
2.654309507692500722e-02
7.213901864675915931e-02
5.137945296524557559e-01
3.238391190982601864e-01
7.007522741856946069e-02
5.690707549845534785e-02
1.720698259453113180e-02
5.440500734587084414e-02
5.202443048777961598e-01
2.799294916477911288e-01
2.684338036010616713e-02
6.855616211985003650e-02
4.286663210992576467e-02
2.960536235985446463e-01
5.615669878179570078e-03
9.055013084553592204e-03
2.116584972479489124e-02
1.388293857531426589e-01
6.841664137090851250e-02
3.226149352496039402e-01
4.025424380316685452e-02
3.219266450679096336e-01
2.279260018667838839e-01
3.243567801248187221e-02
1.715687901431664497e-01
1.381818570102408550e-01
5.944169451419652195e-02
4.355823155644374806e-02
1.240672166224603273e-01
5.104893777020436813e-02
2.428398565513903151e-01
9.900769879664429729e-02
7.591851168713859010e-02
1.292750083913878634e-01
2.486088007886563533e-01
3.331250344590458434e-02
2.039416917821993136e-01
2.216005508687875825e+00
1.270356336198009140e-01
8.834968305336947381e-02
1.470506221435164407e-01
1.055542319857828287e-01
2.081389279980619955e-01
5.638921589065987866e-02
2.077741936197330039e-02
1.377982060841280720e-01
5.329307245295815398e-02
1.729096113912352295e-01
1.507807936870409204e-01
2.856804108028833111e-01
6.222556210570063390e-02
2.492271785461497302e-01
1.753416890880087758e-02
1.641734944895320014e+00
2.467391084872735951e-02
5.554855698088032728e-02
2.078902227140800307e-01
9.938210902088781551e-03
1.155940904992366486e-01
7.281727797483820985e-02
9.471494468972982972e-01
2.691682839510358138e-01
1.442210198559163228e-02
1.014739654844343392e-01
1.834961656701906418e-01
5.633805617832782220e-01
1.220305388667373980e-01
3.968495009958119407e-02
2.047082053775689872e-02
1.596886428157682364e-02
2.839610285171833559e-01
9.004996800954341574e-02
2.209212421628604234e-02
7.903564101585741630e-02
1.055110541246362249e-01
9.873769741674970693e-03
5.915775795767425765e-02
4.497102409807052226e-02
6.535334282390356173e-03
1.489513080358474684e-02
1.459566846076273128e-01
1.099952331151865664e-01
2.184651314765656827e-01
1.523096110346024712e-01
2.576315975782034196e-01
8.547425563669965032e-02
5.695950931033171016e-02
6.054077371930767157e-03
1.425952265118838116e-02
8.827834870473064144e-02
9.380102300644413416e-02
4.148859650261191301e-01
1.771222307816222585e-02
2.990835025950047688e-01
1.234094793095777409e-01
5.301678946005390358e-01
3.048221581529211854e-01
3.033982902847779349e-03
8.128508667634705420e-02
4.634899379002754144e-02
3.848515581531566226e-02
1.390911751928360085e-01
2.343277927444433195e-01
1.997416366849814537e-02
2.197623922627404622e-02
8.616576236872421080e-02
4.386429925517564693e-02
2.209528990732312348e-02
1.432010664816687762e-01
1.067954215001651608e-01
3.293770475113762253e-02
7.257579720662133971e-01
5.008481654288840512e-02
2.492047023804078165e-02
7.733074564659359051e-02
2.815954140059214739e-01
1.657724226738744588e-01
2.405032791849670559e-01
3.956871271855430527e-01
4.369220315917560216e-02
8.500836592862656693e-02
4.884634199592965409e-01
6.971602222629045761e-03
2.773340073943287298e-01
3.111882157513999950e-02
9.944252934586252091e-02
4.198153385377353941e-01
2.371844558833049316e-02
3.106028514715368227e-01
1.208181496537752836e-01
3.386039784710900835e-03
4.548413218325324525e-01
5.809999302866202670e-02
7.391784362822988175e-02
2.846980707260568511e-01
3.521266492895879646e-02
8.986682649349743146e-01
7.982562773255820476e-02
3.245852119224835325e-02
3.462747101024499924e-02
5.629794803421634547e-02
4.148464343698342049e-01
4.871774008300999159e-01
1.522514485961981925e-02
9.969059661534510064e-03
3.471301067772923354e-01
6.943339164535360375e-01
3.689586463674158351e-02
1.490789205928645111e-01
1.167395720486022470e-01
2.607715141298148076e-01
1.838210688220056621e-01
6.488502036556594854e-01
7.824099631624675463e-03
1.604435602326130250e-01
4.523710995319275840e-02
1.236905219403952941e-02
8.282026219379647058e-02
4.946699780477034625e-02
1.019906525326687435e-01
1.463626814385897146e-01
4.754238032166457351e-01
7.034053227735199976e-02
2.193773948186848038e-02
1.120732341392367271e-01
1.517772085422386674e-01
6.781428099714609768e-03
9.803522121827853986e-02
3.406255348958717732e-01
6.001940377753602757e-02
1.259967727214750810e-01
3.217017032094070528e-01
2.940024325052422727e-01
2.005582621962699874e-01
2.709597017660496654e-01
2.245395369951316278e-01
5.199549427671902313e-01
7.131331498398999456e-03
3.550099761640079787e-01
2.624914457778334542e-01
6.177128103763739747e-02
1.573417450966446696e-02
1.444406289712721336e-02
7.392515239060384880e-02
2.873744841514890291e-01
2.733344256681838891e-01
1.225042450016548268e-01
3.404682126954750032e-01
7.042245133478981789e-02
9.280655805967021887e-01
1.908754739641298215e-01
3.527676477306475582e-03
1.824909306245565688e+00
1.063914926796249993e-01
4.389469235866320929e-02
6.351005675550552843e-02
1.926223770203737071e-02
4.918023724309451145e-02
2.191847981050362992e-01
2.329976476468454630e-03
1.667880354001573251e-02
2.235752034194916082e-01
2.339372486911503457e-02
1.620760760645126308e-01
1.146183201677552360e-01
6.827904497589076804e-03
1.654469223752305304e-02
2.989592902151658529e-02
9.442858837390172289e-02
2.357152378998629561e-02
1.885408227046865559e-01
9.386981344247334602e-02
1.764257454162853900e-01
4.544596193978691634e-01
3.817550402044309760e-02
6.443415383937589613e-02
2.545440194323310146e-01
4.062966452059469519e-02
6.198457909242574004e-01
1.784915122982514868e+00
3.905298249537561550e-02
3.606041871816421107e-01
7.506270590787537944e-02
3.184166758981845091e-01
3.344371011968177987e-02
1.190343295025949738e-01
1.349351897836136294e-01
5.607844255092585967e-02
2.238181506409825383e-02
3.407370383506778677e-01
2.830094368724944132e-01
1.365411294530744224e-01
1.388310646285828287e-01
7.264163317333353909e-02
3.178052045580683632e-02
3.047788139673530614e-02
2.753924424475675745e-02
4.054962549960166029e-01
4.570119371177165657e-02
8.189105722505637952e-02
3.101611585136066634e-02
6.442446397860582263e-02
1.534007709260588326e-01
1.705056330560122679e-01
2.622470188972465810e-02
1.096595879476487678e-01
4.466471346822022959e-01
2.355513248280327321e-01
6.386451385405758630e-02
3.325718970568558586e-01
1.094597491759544475e-02
6.332394565449187343e-03
9.228707119708084994e-02
2.261510406350437929e-02
3.566489316455701553e-01
5.083052591790498953e-02
5.644327136013978230e-02
1.691362029275524786e-02
3.511116763681761815e-02
3.302536672005280255e-02
8.765035022981620960e-02
2.605372416678149172e-02
6.409922812924412870e-03
3.128415450554483113e-01
3.481375457548337160e-02
1.257043879994028390e-02
6.527423888425763765e-02
5.355529566196213370e-02
1.803463816988899043e-02
1.111236915141862180e-01
3.130549809147237933e-02
7.603390291819703828e-01
3.930955856856390151e-01
5.725551308320464550e-01
7.716696863713512489e-02
2.108270211344721173e-02
7.773144192198049029e-02
6.035346139556122674e-02
3.510150722009958146e-02
4.069259832686814571e-01
4.922613511866900937e-02
3.752581520511850954e-02
8.142179621520658772e-01
8.762913222135742738e-03
1.372849127030166538e-01
2.074734080736026776e-01
8.863384639600019321e-02
9.981402995635416109e-02
4.710830779844820126e-01
2.001619415300045224e-01
1.274269972774723023e-02
1.739518790954010588e-02
3.225936429054394039e-01
3.317727733344856822e-01
2.775758664332137263e-02
8.667888904503695535e-02
2.946249809614615717e-02
7.014247960176449304e-02
2.005149414384138351e-01
4.440419545191065520e-02
4.320249177727922274e-02
4.135280429881790787e-01
8.555488395576666891e-03
3.150366535233815185e-02
2.042791257240222369e-01
1.926644650707582188e-02
1.197973176489560837e-01
3.272856700604431790e-01
4.898233395151226771e-02
1.237382302212710200e-01
7.085905509589761342e-02
2.419450987527236030e-01
7.502237562118825587e-02
1.579936224607014494e-01
1.103185319515660595e-01
1.737926529385909469e-01
5.239977426140456779e-02
1.210410374092564689e+00
1.358524228034977410e-01
1.305010055251060695e-02
2.408323663100524203e-02
5.889529591899812788e-02
1.950478373806774912e-01
1.658055064808467427e-01
1.955002141976929786e-01
4.589477949588863931e-02
2.918896662450439217e-01
6.275975280722918548e-01
1.362130791019025011e-01
4.198267746128406946e-02
1.213548780793652533e-02
1.714766242540760321e-01
6.927899032125779677e-02
1.741844218262461261e-02
4.352902635596363201e-02
6.636432662420554442e-03
5.400342517136341031e-02
9.337460764666233315e-02
8.115191234003708842e-02
3.454926575706161046e-02
2.269108574887983287e-02
5.457501737821169457e-02
6.388040743356901419e-02
8.827802824273960347e-01
6.706360849904711985e-02
9.781330170467117391e-02
1.428280946502564763e-01
4.902756209428268952e-02
1.246113022270266130e-01
4.850198664284931238e-02
5.199264650310869013e-02
4.684272063388394275e-02
3.382636573083595832e-02
4.107131201035554846e-02
5.201545212107754751e-02
4.857823314706902207e-02
1.183939461604665289e-01
6.168173303177919287e-02
1.244132096168223622e+00
2.543087190920643309e-02
3.985151858608376174e-01
4.769767623921202238e-01
9.664023314237357720e-02
2.785517100573692284e-02
3.114038707875451673e-01
2.792579246686994199e-01
2.684860530968119496e-01
1.881787684278967976e-01
1.320048430750232482e-01
3.878465597290912670e-01
7.351959728491624935e-02
1.318329039014449512e-02
1.724696013892515478e-02
7.454343617248180079e-03
1.302263003272833598e-02
6.311500482012763306e-03
1.615146235664163474e-02
1.014281702668753532e-01
1.945550429555120975e-01
7.505809408608890565e-02
4.255224396587763830e-02
4.088808278057049495e-01
3.151377459887836907e-01
1.639305195859990016e+00
5.634337430263764573e-02
5.335130627379202073e-01
1.267450436506157019e-01
4.042442867371703885e-01
2.398565486029872462e-01
9.346552077427865146e-02
4.360131596973049750e-01
1.996022954374521430e-01
2.717210511305274689e-01
3.314918404391618140e-02
7.878474468275782627e-02
7.277018836215116970e-02
7.022478268199324747e-01
2.431933439764882021e-01
4.051365878001055298e-01
3.837462768205261721e-02
1.031026860523714062e+00
1.240233344916114033e-02
4.606965711828992643e-02
2.015269333696464993e-01
8.256196355584807800e-02
1.592051437457363550e-01
5.113222206816542964e-02
2.245860775234458095e-01
2.590352764191838353e-01
6.217126952731705236e-02
8.646925329802873997e-03
1.584927380311552669e-01
1.802862479944304930e-01
2.910395913281295030e-02
8.264706531691420888e-02
3.858397352517737439e-02
2.908743640168974798e-01
2.274599939595147585e-02
2.792694401537992518e-02
7.047251295364147239e-02
1.599762654630702219e+00
6.469427179019382468e-01
1.762978692236839839e-02
9.831693288811441112e-02
3.460803142372506636e-02
5.699037319140393132e-02
4.578230976027032884e-01
1.286106261269199039e-02
8.814535130007462860e-02
1.790833631051890612e-02
2.341266000499604705e-02
1.384640696825290840e-01
1.753168786476725846e-02
1.683795457052081890e-01
6.338300611375855542e-01
5.489590697721198620e-02
4.023250224303422801e-02
1.186455337704130503e-01
2.461100345217018606e-02
9.823341439828396637e-02
1.962617208196006449e-02
2.025754158963378737e-01
1.098531860557407924e-01
8.159745255481408444e-02
1.726080099470244100e-01
1.075337971832548867e+00
5.439975374445253122e-03
6.156748821333883799e-03
5.556139193903641277e-02
6.178264250112117800e-02
9.442717990971828679e-03
2.608295524118456679e-02
3.550704402458809000e-02
3.446218203126203555e-02
6.407035353760151541e-02
1.016599092444981783e-01
7.306895550418682217e-02
8.781233133603606744e-02
3.703616041672295744e-01
1.317813518606686107e-01
3.981348443671683252e-02
2.941067042883083182e-01
4.146526757224675563e-01
9.182209639915029920e-01
2.077229554815465395e-01
2.401892153702329669e-01
6.184863964548632104e-02
4.886439912619049142e-02
2.463335922466691405e-02
4.086075543395489840e-02
1.124732372049915829e-01
1.239940567665552551e-01
6.673526648687450047e-02
9.943224480222749573e-02
3.079762903018808951e-01
2.572980680046029617e-02
8.967650837277753306e-02
3.112720265104679251e-01
9.242201610697547975e-02
4.058530008079470619e-01
5.211335280629098010e-01
7.408410109354898188e-01
1.160388207002130967e-01
1.215710234540384044e-02
3.327539068095077684e-02
8.002091911816335001e-02
1.172678102375234316e-01
1.625248246976417899e-01
1.643588540327513975e-02
2.962010201517777941e-01
2.691508679381417538e-02
1.133724434985795664e-02
1.607478611043955119e-01
1.347219397547562147e-01
3.504482082684183455e-03
1.134045301398565742e-01
8.175731176448954030e-02
1.512378679514741586e+00
2.152779480040544202e-01
1.579272057898286896e-01
1.170464426062678975e-01
8.506683258897584921e-02
5.554911947886274071e-01
4.640915795493535251e-02
9.753685512972097571e-02
1.747824158167670339e+00
4.675439666741024874e-02
1.477891774426751681e-01
6.191790672656367206e-02
8.201059271540082907e-02
5.886590472938259266e-02
5.429105628955558510e-02
7.856895739935342016e-02
1.652407768406619071e-01
2.619866706191467318e-02
3.285277863467025439e-01
2.195720356382645788e-01
3.722946870089855476e-01
7.737830539347050063e-02
2.591838753019268249e-01
3.252984034831966909e-02
6.856154937603423094e-02
4.215150517950077419e-02
1.027524317765299289e-01
2.292311978180474608e-01
1.375931849749337417e-02
2.650837785247379119e-01
8.598833470545362567e-02
2.338508615980525521e-02
1.977229159991437391e-01
7.120761411147447095e-02
9.140355626533649969e-02
1.092721604215253321e-02
2.923924648920648295e-01
1.420255628244157520e-01
2.720797621320306808e-02
2.439658327387241032e-02
4.289311046164424601e-01
2.796850089432293199e-02
2.550627664816534912e-01
1.867636817440589125e-01
9.124654753506522553e-02
4.596933553950452445e-01
2.060131050191744140e-01
8.318193829965039865e-02
1.104341953082701860e-01
1.534849777133922011e+00
8.871266566717092572e-02
1.208260330441163384e-02
1.381698221526991843e-02
5.243648135439341051e-02
2.970790163023130370e-01
7.072005875891573812e-02
4.868950158507625026e-01
1.419729194793420066e-02
2.283524018328811911e-01
2.394619708579893633e-02
5.288682070462297213e-02
6.838574836745001106e-02
2.691272637223510178e-01
3.750861256736479632e-01
2.265595806659444766e-01
6.422434941400653741e-02
1.093540854943618607e-01
1.560272863024527584e-02
1.382413596231478123e-02
3.459453198744100871e-02
1.466438985189836425e-02
8.118640506870612727e-02
1.476372053105998172e-01
1.468268386484158916e-01
3.778106370205268350e-02
5.654130396004172776e-02
6.069881875022583584e-01
5.749564804225758552e-01
4.903302669938239960e-02
3.026392204373715145e-01
2.270921607556937172e-01
4.593691383574141640e-02
8.541301357213536283e-02
2.149889729998677168e-01
1.042834102523799017e-01
2.720194608767977362e-01
7.690421070079549171e-02
1.559442483788003320e-01
1.616684808540252982e-01
1.296533677504131843e+00
9.527381632765455355e-02
1.091841934613873161e-01
2.453503575518645730e-01
7.409810550784089178e-02
3.042182231911329526e-01
1.854650368306433594e-01
8.535746751812730432e-03
1.639112630705043261e-01
4.782758286574090301e-02
2.562829765107910163e-01
1.609437566692509369e+00
8.409852014816750210e-02
1.405954074040760282e-01
9.742244647408138114e-02
2.050243640685234792e-01
6.667250954192810442e-02
8.260267512155483605e-02
2.151865938809846002e-01
5.477559264889172441e-01
1.270620005604815306e-01
1.462165176844570647e-01
1.056794494837030168e-01
1.855379856210008227e-01
3.807820206114386624e-02
4.263551005038866970e-01
1.057125345758395535e-01
1.516468151074062271e-02
1.267956973830984269e-01
8.259206371885376152e-02
6.059724551053673886e-02
6.534797120964076778e-02
1.564832491402080306e-01
2.069438604474829746e-02
5.588923409558631539e-01
9.197848128504364229e-02
9.662962417494985398e-03
2.250081628059606362e-02
6.785351909858937380e-02
9.997702547398998330e-03
1.887205809576263452e-02
1.017083363424603759e-01
2.815035955169666315e-01
3.707847357398377092e-02
1.802705214127376526e-02
2.734407451269599498e+00
3.841964175423773914e-02
1.081614886083971661e-01
2.490070141560275230e-01
6.761990876568539643e-02
2.127281765076401154e-02
1.635082555158993631e-02
5.360665939470731223e-01
1.002117216470505973e-01
7.717523592462866532e-03
3.907570201661582088e-01
1.676893203953460365e-01
4.010711219068982536e-02
2.572296135913926945e-02
1.924609815120643386e-01
9.851449991736638268e-02
2.221004680008235033e-01
2.987817687952061818e-01
1.027625390926337479e-01
4.620539832823497561e-02
3.803871440408058968e-02
3.022143872683420995e-01
6.229952048979094104e-02
1.732609231927860483e-02
6.683279986227472214e-02
7.470544658404241201e-01
3.482329611398787134e-02
6.110373710585671053e-02
1.454658131066651275e-02
2.470029910496125969e-01
1.195424526395474363e-01
2.847157248068096780e-02
4.684169620795741035e-02
7.975840025948062462e-02
2.333668499208396974e-01
1.781579767548630566e-01
7.018431379817295646e-02
2.360868120043785046e-01
1.014975152049837209e-01
7.184165148145266189e-02
2.411927940015928529e-01
3.137109333006057182e-02
1.923903583360806260e-02
4.827247405219835252e-02
5.389581558801292624e-03
3.084316120492289898e-02
8.587818799504468026e-02
2.700777721189992139e-02
7.184674890212179310e-01
8.204171502918790326e-02
1.360219744362120911e-02
1.562010769176150893e-01
1.089779236974012105e-01
1.115441943523524659e-01
1.340372886519409779e-01
5.205883209659121214e-01
6.992052900724050890e-02
1.361097067572804645e-02
2.088769783733140095e-01
2.908633989717637584e-03
7.600345210207234969e-02
8.712020921388609340e-02
1.517601236130346476e-01
7.336738661008404550e-02
1.995177366495737847e-01
2.786993066176472397e-02
5.084949315028216427e-02
4.469629439781235003e-02
3.131871301070796032e-01
5.208638052199911217e-02
8.263774990793056885e-01
1.118352758518588314e-01
2.663734326298600741e-01
7.876036744958249125e-01
2.821406513698535359e-02
3.514854605824050404e-01
8.360018801901933916e-01
2.284803554277763937e-01
5.242844328645555052e-01
7.352749370150780950e-02
7.212366657975810558e-03
5.503543851866311565e-01
6.136006124571947301e-02
1.349887195769465531e-01
5.932351507658804035e-01
1.056104131746404273e-01
3.364063835254262003e+00
8.698359110821748952e-02
1.009073890404955376e-01
1.404102681093503113e-01
8.503282723067951895e-03
3.948661033935443876e-02
5.256940347240628419e-01
3.806146395311661018e-02
2.034217290371251041e-01
6.637312710226696277e-02
1.980134954085555413e-02
1.162405009930270877e-01
5.373610386581901821e-01
2.125710475819151957e-01
3.297268525534506611e-02
2.444081089745924196e-01
3.380397459057699061e-02
2.763766155701870286e-02
2.699895661629658078e-02
1.366017499895489651e-01
2.204495617622700410e-01
3.829584294143347223e-01
6.200370025852072059e-02
1.543266905856885245e-02
1.927863070163866044e-01
2.046880954426544830e-01
1.470412512486195533e-01
9.508461679486102103e-01
9.696853567226884629e-02
1.569891879234316112e-01
5.167775706263738611e-02
1.176140325867015141e-02
2.391630773944800892e-01
5.314017827354761830e-02
8.943173001715318260e-02
2.739538283550636000e-01
1.390170823108485554e-01
8.854042329104132303e-02
1.677933824486482761e-01
2.623693160694646753e-01
7.904957560641337477e-02
5.157742186177427524e-02
1.344636448285021213e-01
8.179184183412241405e-01
3.445434583392973926e-01
1.260614338021004144e-01
9.787114847805719262e-03
8.521598535856769185e-01
1.814368888499297838e-01
1.445880614004902733e-02
1.561258575774871205e-01
2.355557746132628250e-01
9.149909206844816234e-01
4.506288191636266816e-01
1.306542715327261517e+00
4.725979424300335435e-02
2.556784870863000880e-01
6.664669730052617813e-02
2.773247647650615710e-01
5.237335740041841603e-02
1.848671315952530453e-02
8.609073182603341201e-02
1.610109011536755286e-01
2.389289584999906846e-01
3.998623715002798396e-02
1.016958482025290406e-01
4.412680837966823089e-01
5.430027890467413812e-03
1.043825279905435943e-01
3.602120001129109628e-02
2.248971815285205900e-01
3.017136458909810623e-02
2.471053301545464431e-02
2.681567030913211136e-01
1.878668473894088697e-01
7.743113016093369771e-02
1.373690080397874450e-02
5.903195880479452651e-01
4.104243227323426946e-01
2.261430236895025647e-01
4.233697291776410826e-02
1.003495118424826971e-01
1.241651669367807576e-01
3.986234641308227661e-02
4.843270601463772751e-02
1.957962766809623611e-01
2.458995436151648895e-01
2.726224646822134057e-01
6.336861954582362344e-02
1.270190905564685668e-01
3.305191207440099088e-01
4.169901748680948650e-02
4.808512887932293173e-02
3.337303306476472470e-02
4.865594247279217410e-02
1.076417038937247245e-01
1.601501841223753886e-01
1.116230172801331577e-01
1.040212384187140238e-01
1.105360606964725656e-01
4.518193470536798761e-01
2.682943666626458334e-01
9.400061433308085634e-01
6.619232692811524710e-02
8.885023054540946985e-02
1.723639193579887263e-01
1.920319878275230374e-01
1.490760081590689415e-02
2.071679815251126905e-02
8.717206446969257005e-02
1.391115977684297678e-01
6.724555272535523986e-01
2.275553183490202358e-01
9.663181811450784198e-02
1.036240441932914369e-01
8.846378500083870167e-01
4.654813792664131422e-01
1.861272017457611949e-01
8.413307502979844310e-02
9.479423248496010590e-02
5.374666501187595063e-02
4.981239754720021007e-02
1.692208459960376984e-02
1.879721872357982895e-02
2.236173898081789818e-02
2.554939467079512735e-02
2.969825152461878504e-01
1.181259201630346090e-01
1.162793424848425870e-02
3.715952959808464795e-02
4.858829613903417610e-02
5.848186327305139598e-02
9.969332599661186178e-02
1.896321765325016950e-01
2.017185550317864007e-01
1.151841091229348496e-01
3.571507448280504815e-01
1.647936116231790982e-01
2.689374880376920185e-01
5.620523263259224328e-02
2.273030842258664808e-01
5.126264585314763839e-02
5.962802525812895688e-02
2.406094544070532318e-02
4.644717210119208434e-02
6.840462947930416038e-02
4.631488809381986149e-01
3.653727293301969187e-02
1.890480324850056515e-01
1.800748284078110162e+00
1.131355542124390032e-02
6.385708557866219548e-02
8.794153585999259226e-02
2.072234502181984628e-01
1.628728779302111504e-02
1.369378690741195614e-01
1.282261796426603651e-01
8.309504820016219151e-01
2.202135284317406627e-01
8.566074459765576909e-02
5.079606531228597621e-02
1.729513091218085052e-02
4.638900080270767501e-01
6.412547400481563575e-02
6.057636325951205603e-01
1.035494233614548815e-01
4.747222430301518276e-02
1.143681539395745128e+00
1.392353480705348090e-01
2.716245554956883690e-02
8.780717313402974789e-02
1.703878688991336543e-01
5.216649012944866159e-01
1.613890124223048006e-01
1.077395790884092958e-01
9.601671588594722084e-02
2.815451362915935563e-01
1.348343876404069219e-01
3.100327440108107194e-02
6.433975350254701742e-02
1.644542079201358198e-01
3.299404205063228290e-01
1.545412962992455952e-01
4.287829757278519005e-02
3.674302936762838256e-02
3.676141306851919005e-02
1.535013692815550834e-01
2.296383944326160775e-01
8.352764035188701974e-02
8.766629177197877987e-02
4.327465948370459031e-02
4.776206640940580672e-02
7.168629331829150242e-02
2.865173501930389291e-02
1.411276327659716778e-01
3.362462318533301908e-02
1.306520304970817392e-01
7.750837902396305601e-02
1.604471027277279693e-01
2.839312021151734200e-01
4.357523624565129983e-01
2.777860591408403551e-02
7.311755898627152195e-02
4.467789442556306667e-02
2.028560063903665223e-01
1.953910133288127016e-01
2.750698149564279743e-02
4.130663705913221323e-02
5.701795569901743077e-01
1.314406281613692828e-01
4.205404435898305732e-02
2.784469365753912684e-01
3.275881628221907760e-02
1.737776001659628589e-02
1.355638612902234363e-01
3.257972927551145981e-01
2.141797419271271319e-01
9.031519439234221569e-02
2.205701799728280732e-01
3.521873192885169312e-01
1.883594834873039692e-01
1.082196693859053677e-01
2.846075931235710413e-02
2.270175867097833089e-02
2.026637392368660362e-02
1.161978005521460133e-01
3.538976840194531931e-02
1.842388063492475525e-02
5.102031607908679156e-01
1.049741725318593111e-01
2.269839880717593184e-02
8.816346546656544936e-02
3.004381996661186979e-02
1.540252605279406606e-01
7.209919045326992904e-02
2.814219804983088963e-02
1.802950854117725890e-02
2.035789059967836948e-02
8.251728525099934208e-02
1.122178385531648337e-02
1.181478142637527456e-01
3.599015739469818009e-01
6.711456641582161375e-02
1.152152686342799326e+00
4.239342054001384030e-02
1.281726841312898213e-01
1.470779810881817085e+00
5.439286649954669928e-01
1.007423803194478773e-01
7.293648379727396547e-02
2.610251028790235017e-02
1.457635012351748416e-01
1.113839275122852523e+00
1.354937551396089290e-01
8.245702694748602291e-02
2.453196881660923631e-02
1.499066960930720560e-01
9.182474572614331143e-02
1.181025912716409110e-01
2.334921132463849414e-01
3.979037011049997574e-02
1.712692481234341646e-02
1.050647642098651163e-01
1.963818557587263536e-01
2.793728818826296534e-01
4.134602627899162247e-02
1.038355566702366950e-01
8.328523393305475864e-02
4.234798721302519831e-02
3.382771194720793351e-01
5.279808412352091085e-02
6.822297811019916169e-01
4.759386496346541817e-02
7.555950490610811865e-02
1.973326028356243156e-01
5.913335162068106277e-02
9.590961948959950134e-02
1.296976910025012843e-02
1.759794187391168219e+00
6.180331874375361023e-02
2.055479549879594692e-01
8.259087096035025444e-02
1.467797982850088112e-01
1.439407565189973204e-01
1.630788019776846509e-01
2.638814165198620845e-02
3.347061873084149902e-02
5.742017281572147497e-02
2.312497187061091641e-01
2.081820385047058741e-01
4.566990842052027870e-03
5.360999393809185581e-02
5.421136103175333565e-01
8.126764256704338552e-02
8.015529372832320976e-03
1.072308897725767485e-01
2.390916423917035516e-01
1.377474855461814918e-01
1.437713555489547081e-02
6.780498871397491745e-02
2.372448089370597646e-01
2.318765683411973255e-02
4.855018940114064208e-01
3.937875558848325658e-03
2.562438666704967491e-02
1.058400892327468368e+00
2.166417174670735302e-01
3.617415524998041088e-02
1.194158981980295575e+00
1.803773630143952755e-01
1.372634857901940120e-01
6.220302233002441422e-02
1.069705412740077577e+00
4.350682578793991784e-01
1.044419715311267760e-01
6.654647256214527018e-02
1.265832267007277467e-01
1.313030226169261197e-02
4.622959226923988030e-02
7.833000512289931550e-01
7.624194100415750963e-01
6.170455708262251315e-02
7.162926244585351432e-01
3.523605966218598118e-01
7.161253703474569632e-02
1.701054695679645179e-01
6.285181446506936387e-02
1.005177141981956901e-01
6.468932452548880052e-01
2.489292249424688575e-01
8.632340947822972951e-04
2.441626087977848483e-02
1.242142641042133094e-01
4.365634266254207058e-02
1.568661835598698651e-01
1.480204445446659314e-02
2.676282028478416466e-02
5.388290704805428488e-01
1.211149968340591021e-01
1.055309349022489490e-01
7.111885794715956666e-02
2.610512192868718606e-01
2.905703549190817234e-02
3.464602717923324221e-02
1.830594094959493157e-01
4.924554006540839135e-02
4.773191891227938216e-02
6.442200730801541653e-01
8.575174673192756392e-02
3.965970755863226088e-02
1.335323901273984537e-01
1.131061015883472326e-01
4.266487941005979723e-01
1.813669922525520117e-01
5.366210032669606333e-02
5.687629316093233411e-01
2.637245771100651948e-01
4.902419662342553247e-02
2.002560482425520816e-01
5.503031463067951101e-01
3.061739498400942727e-01
3.440965273449187595e-02
1.050856642208319175e-01
6.186166595810464741e-02
2.465925147129634232e-01
2.544107817346152531e-02
9.808770486742336703e-02
1.116080465238458025e-02
4.519283079244589829e-01
4.856326348009839047e-03
6.828063150922467073e-02
1.882364252523585635e-01
1.660977195523813052e-02
1.832525519337608461e-02
5.491441521829199673e-02
1.416314845819534318e-01
2.619849734412196471e-02
7.776034389621695742e-02
5.348709670781847531e-02
7.198760197295060725e-02
6.858779682061059979e-02
6.180733054516824448e-02
1.089816901812007410e-01
9.691479747899557629e-02
1.922382511358300128e-01
6.499360838728694689e-02
1.498622918969575446e-01
7.861308105575463834e-02
4.491957618935069063e-02
5.256241839815746497e-02
1.041489196341617851e-01
3.763741405498449016e-02
7.100907154844164626e-02
5.943965342033181304e-02
1.574698371490355214e-02
8.941036495151954977e-02
1.848703666848891813e-01
1.703736240369431720e-01
3.310822466301622385e-02
3.136168056731571639e-03
1.655992734244300657e-01
1.547958535018210680e-01
1.089632736583966283e-01
2.057336563395216755e-01
1.427311772528755685e-01
3.340446587658556232e-02
1.984698975096915036e-02
2.164110898019495216e-02
2.928166114514114127e-01
4.924776959320043002e-01
8.597586499840031982e-02
4.781036957956272260e-01
3.175632338438807434e-01
6.910151181055318448e-02
4.350149793779815172e-02
8.732804766095153548e-02
7.280828667920564816e-03
9.521363733125513817e-02
1.162898555443888683e-02
6.029567029430901171e-01
2.127914663621678984e-02
2.919690492668932519e-02
3.404368438657016105e-01
2.249347643008617614e-01
5.994259317206702686e-01
8.066912352185433288e-02
1.831565138425985534e-02
1.245319280327176203e-01
1.738757680465790809e-02
6.857132662401217715e-02
3.538428271658550922e-02
2.017175344538826021e-01
5.843958523054969961e-02
7.466509492775195989e-02
2.121120181284305226e-02
1.954311400712340774e-01
4.395444104402669583e-02
4.046973608507825615e-02
4.659481969620215547e-01
5.149120949152368176e-01
1.602881986164248485e-01
8.718326754085162777e-01
2.408126949678909140e-02
4.914949732054777615e-02
1.212401470239511114e-01
5.931290077715044573e-01
1.056380008228770429e+00
4.844785350546482183e-02
3.072770227005684474e-01
1.411325393193258171e-01
1.465645657176449165e-02
9.366658144377039141e-01
3.421109379679402457e-02
4.124604566021596863e-01
4.140077319978052728e-02
1.144895431595368135e-01
1.272682481959996718e-02
6.559507781566244200e-02
6.640793312812375004e-02
6.191811126609683691e-02
1.216248085507387472e-01
2.803744926823911188e-01
1.582164219847319142e+00
2.122494867967222310e-01
2.042827925590269267e-01
5.742551003789010400e-01
1.944697060367426844e-01
2.580934472490010317e-02
6.602704885787783473e-01
2.282416947370796353e-02
9.081889190403942547e-02
3.877220278612755061e-02
1.786251609818138852e-01
8.904087400029532529e-02
1.858867217507157721e-01
7.402366473611023956e-01
6.277278018146504983e-03
4.259428593840083183e-02
5.049634706934965495e-02
3.076052910770167223e-02
4.090782652738439440e-01
2.632819876594375691e-02
1.028314869086900847e-02
3.916532514031735579e-02
3.298794893834758879e-01
1.906774786694823975e-01
1.622602349795632948e-01
1.867845107927281617e-02
9.353366040269411874e-02
1.307108259449797638e-01
1.084729263699185237e-01
2.191120398607543929e-01
3.131814037359251669e-03
1.711541108976375181e-01
1.129205431888528899e-01
2.061179476143183975e-01
9.238410217952001957e-02
6.989491586295241143e-01
1.266836098744380246e-01
1.175854604288918137e-01
8.003150436233423537e-02
5.187785362716139381e-02
1.084920329030636676e-01
4.614388942058452597e-02
1.265318664386146930e-01
3.463445558885264175e-02
1.219992885112840542e+00
2.337922252364624601e-02
1.747050776232275116e-01
4.991142494303447280e-02
3.835771120062921036e-02
1.941401063652080372e-02
2.717662536060095890e-01
1.636107719247685277e-01
1.541322135397812376e-01
2.701689995324462745e-01
1.574864050591646969e-01
1.562075059612640926e-01
3.892850815328081082e-01
1.311141941714111803e-01
4.318257157258139495e-02
1.859213246156686539e-02
3.585334811191325244e-01
3.051183369040939494e-02
1.049505178447424428e-02
1.532537502473777478e-02
3.655154178175479829e-01
3.216543655362341658e-02
5.460005959349706339e-02
3.990980035712394375e-02
4.826192070178775273e-02
2.277965802138144091e-01
3.814475538657931958e-02
1.143324350144075269e-01
1.742153611796390389e-02
6.543003255058665868e-02
1.816859660003540544e-02
1.088225873264064170e+00
5.272723072525826726e-01
2.620277465333283318e-01
1.487417779321920930e-01
2.283264935575502613e-02
2.813468522602595168e-01
3.976910790608272350e-01
3.974759833492024219e-01
1.892138761411886472e-01
3.411315220416540755e-02
5.786017995107147760e-01
1.414579811826252240e-02
6.978646507446253922e-02
2.061319072587605716e-02
6.126953235888947802e-01
1.709731501830743516e-01
1.539654112652563134e-01
4.040039132773477065e-02
2.690711764081807345e-02
7.880280353929822873e-03
4.659058580241581815e-02
9.493092985169369891e-02
2.909437313978955122e-02
1.470404430057670880e-02
1.119692658081059555e-01
5.100546253447086481e-02
1.134479614918628254e+00
5.089474228563745095e-02
1.471150180264803486e+00
9.209658787390029300e-02
7.898075427412765137e-02
2.473014726543201203e-01
3.680027338187290969e-02
4.392882281134542072e-02
7.380200653026084412e-01
8.444285313702318274e-02
3.375440037108775604e-01
2.641656292208580115e-01
3.600758175650891485e-02
3.846358905304299997e-02
1.578062765714154658e-01
6.573188555610859352e-02
5.072186489602730219e-01
1.829710886838042602e-02
5.597977215058063116e-01
3.938880441991521320e-02
2.725735830955852701e-02
4.301307782062472329e-01
4.123279236951952753e-01
6.451097170741998399e-02
4.305159741389726069e-02
2.887672410597724032e-02
3.179985667531633475e-01
5.456571169554575995e-01
6.368708767664348069e-02
2.917495365801406337e-01
1.445614706003024892e-02
1.004311697965965255e-01
1.969204846813876753e-01
8.665431045346906613e-02
7.697916068498693309e-02
2.755317073441966580e-02
3.608424850074185009e-02
1.646940646814270270e-01
9.573138456650252814e-02
2.243028746946655605e-01
1.505596561862776808e-02
2.174590538634622178e-02
1.404554775464448568e-01
1.271886929818110551e-02
3.484100222708328976e-01
5.681191168234094729e-02
1.691935147383413079e-02
1.318786125750569804e-01
5.214137862534314050e-02
5.629065723013835232e-01
3.335500646832938870e-02
3.413482612587930010e-02
5.978185643902407254e-01
2.409131868438132637e-02
6.067585782338366651e-02
3.769207836622894270e-01
1.168470620466219440e-01
1.256189354852252360e-01
5.861679614106028030e-02
7.796320417552511373e-01
5.656222841070884799e-02
1.257076781338395399e-01
2.290607674074176814e-01
1.337954218535676934e-02
2.604001888771914075e-01
2.043427023096995587e-01
3.360617052823001161e-01
1.861259273141584736e-01
1.218244099085215165e-01
2.544503505598749368e-02
4.628395372154607834e-01
4.895087848762775390e-02
4.388653752881648273e-01
5.555771983879032733e-02
1.033795349229757743e-01
1.327726847951773703e-01
6.084411111172462888e-02
1.090816419450841707e-01
2.090031524844322419e-01
6.603233544177804226e-02
1.316869787364194633e-01
9.342043944760275442e-01
2.707279592825740933e-01
1.113027314364001485e+00
2.759680957122601086e-02
5.884685492138405638e-02
4.499499785240374528e-01
3.958855457455652815e-01
8.054830843249151384e-02
3.758323932593498479e-02
1.504332378930226533e-01
7.465877829086238482e-02
4.628294590896254723e-01
5.857419494462604015e-02
6.980687420317356617e-02
3.922200080456689775e-01
5.409742872463716573e-02
1.117654889884933250e-01
1.141095342291060799e+00
7.755877810094956581e-01
1.388698135224921970e-01
4.549096669118307679e-02
4.934250252621276422e-02
5.740930433919344544e-02
1.655309767664451259e-01
9.056360305318850168e-02
4.147061942616910857e-01
1.052924545746140167e-01
2.163682659407085897e-03
4.314554041790981120e-01
2.149082905034781499e-01
7.172699958570034895e-02
3.298012723568627402e-02
3.862876584771704480e-02
3.543892998632167113e-02
1.141385720696859174e-01
5.623420491781566666e-01
6.035226154386671288e-02
9.283778740323846146e-02
7.257133810234327187e-02
4.073671742720496591e-01
1.555065336111096652e-01
2.527498670161414940e-01
1.418754366307746484e-01
1.904056690109693639e-01
4.231668515495592420e-01
6.641370168764085258e-02
5.405591446478089646e-01
4.156633591535765504e-01
1.554257469810971792e-01
5.819245417774510792e-02
3.040841179634731772e-01
1.241752226955468580e-01
1.126392387508309834e-01
1.178257087137544040e-01
7.150310040414727120e-02
3.422084607660582506e-02
6.341699868066270618e-01
4.160104518945338947e-01
1.072900436375200939e-01
2.863771279388876989e-01
1.625183196241668793e-01
1.179451653689502777e-01
3.423640398434582566e-02
1.499005196986940291e-01
9.887908953018624547e-02
1.002515353302894374e-01
1.311742183996063016e-01
4.497612696496686852e-02
4.536900314282173163e-02
1.035773284869720007e-01
1.201291747717650182e-01
2.197623825246315665e-02
5.453886083833211496e-01
1.128619297300387514e-01
4.274747337828149057e-02
1.967758607099786838e-01
2.142316924145849788e-01
2.175977970464659447e-02
1.565909185168275486e-01
8.036862409886119663e-02
2.481252486039828981e-02
5.038908175758687741e-02
1.230732189531560800e-01
5.807763869822799366e-03
2.295844552800861416e-01
9.733602246074826714e-02
2.293336483152365324e-02
1.777990137818316885e-01
1.164108296096919709e-02
4.299929858594555426e-02
1.401363592980686690e-01
2.537984010097738552e-01
1.765917559604268661e-01
9.317219916859102724e-02
1.831211846051917780e-01
1.011031520930936317e-01
1.025416292175582722e-01
3.511311045753350291e-01
8.312683806602327863e-02
2.684411074155644214e-02
6.665035599118522558e-02
5.918374188288461069e-02
5.692653256603915496e-02
6.664776866865852745e-02
2.562692259843960541e-01
1.434922418103595602e-02
2.255167586782843847e-01
2.380034698234079760e-01
5.333304597555568738e-02
2.251718423547004744e-01
8.910464812944977886e-02
1.483032457856942044e-02
1.091379231857272786e-01
9.988949463685181662e-02
2.304989235711986939e-01
1.598360582635591498e-01
5.495283685819225827e-02
4.764442570330352372e-02
9.575462428210236229e-03
1.423064590323158962e-01
4.607374253148253246e-02
2.742616471473383402e-02
3.245190282838454621e-02
2.888815380173985828e-02
5.122540236825305904e-01
3.134130591245194442e-01
9.574120400412930443e-02
2.757336656333820094e-02
7.080074187945442632e-02
2.253226190884311531e-01
1.506918563553371615e-01
6.822326328980124477e-02
1.774476573550662351e-01
3.383715196078185272e-01
1.993287201530564434e-01
2.219898082816081086e-02
1.272803097529178196e-01
1.154646356465476205e-02
2.036146845078146833e-02
2.909524664974081354e-01
5.413124169484351267e-01
8.409824885940675454e-02
1.374690789113433391e-02
1.747225647426438933e+00
6.402233075452737898e-01
1.736217502252460770e-02
1.154674702689520993e-01
1.721039489987278015e-01
2.440923794034680766e-02
3.118762350537799266e-01
1.692352408853388113e-01
7.006313998315714942e-02
4.133273881681055056e-02
4.112664178766317624e-02
6.456922362584356645e-02
1.099256124272686430e-01
2.142012897715889902e-02
1.517059984755010811e-02
7.107937353071452913e-02
7.769347477711675831e-02
1.075628233991201832e-01
8.263618188896447447e-03
8.690916511325928739e-02
1.884583575304456596e-02
4.586880767505254197e-01
1.866141360244198341e-02
6.214611305363073462e-03
1.068143599961467322e-01
4.137240940465108929e-02
6.119256217156748834e-01
2.442255816940578639e-01
5.754866082467631483e-02
2.560622895539734975e-02
4.024814332285576307e-02
1.983319310226130255e-02
2.392916318470433845e-02
1.161006951433415924e-02
6.478575376497441862e-02
3.516817912070790419e-01
2.350104702552856528e-01
3.230974663998271296e-02
5.950842597783084775e-01
5.518436410949709714e-01
1.132719814323284308e-01
8.920812525058714748e-02
3.638176244914701485e-01
8.767875924192022885e-02
2.856288520031343703e-01
4.336301837678400301e-02
4.710736011982637195e-02
5.420950480965293361e-02
2.896391247567820515e-01
1.885910799322955966e-01
4.730747761020029363e-02
6.281045335110717678e-03
5.555359509568381648e-01
5.553305550617591846e-02
1.438468377603484630e-02
5.557345434200084977e-01
5.790678283798847414e-02
6.135693015636938252e-01
3.858348616687722887e-01
3.412525395100323572e-02
4.186785117356296021e-02
4.257246333604433608e-02
3.019270761948832094e-02
4.310645406476345393e-02
7.822766782870942126e-02
5.678677679523713717e-01
1.384153822101533704e-01
7.078441791523182314e-02
2.106008174590848214e-01
1.936773604911885827e-01
6.393522332798697028e-02
4.815061453795177471e-02
3.564260129668420096e-02
2.281282712137619184e-01
2.527266111206248264e-02
2.903713103560491282e-01
1.332745603647804943e-02
2.699375159294901128e-01
2.623579240840305873e-02
4.226033601823958596e-02
4.317962876567121855e-02
2.703362023901421940e-02
2.596525226998042113e-01
1.417171251428778478e-01
4.532971454334499412e-02
1.942511379581134123e-01
5.830524343241071106e-02
6.066070408277580289e-02
8.424710687781654730e-03
2.678211577702247631e-02
3.454852357192907814e-02
3.699282247189893819e-02
2.100844772589212095e-01
3.018095881215712359e-02
1.975576553729146423e-01
5.671544056984144377e-02
4.565273266297190102e-02
2.949941128470500717e-01
1.120357082740974786e+00
8.831951122704320006e-03
3.371484903145819390e-01
1.760880630965485916e-01
5.338680578735196525e-01
3.270623317141237857e-02
4.304228098197449698e-02
1.110397871380337798e-01
4.908018040706357832e-01
8.799559851937127641e-02
2.419420640522639693e-02
1.805142714595720510e-01
8.517879851492222987e-02
2.163623680944706529e-01
1.555056662953752111e-01
4.936845831796169565e-02
1.317425004090642560e+00
1.582024904024930956e-01
4.630555038220488667e-02
4.841337372772436254e-01
5.429456233084464789e-02
6.098818129083626027e-02
3.216693358249502616e-02
1.950468302642342430e-02
1.852919234314687191e-01
2.654623625285758015e-01
2.921946705767421437e-01
3.596596562336856207e-01
6.648524415678908235e-03
1.050584193343981620e-01
4.657157182300856180e-01
7.037882368280397039e-01
1.215421575648395064e-01
1.471235323279000973e-01
1.977549974889005954e-02
6.992999573959337578e-01
3.726036664955479916e-01
3.263226513904763926e-01
9.677479322234451564e-02
5.249545723637184524e-01
9.299263141758863649e-02
1.352326090584166085e-01
8.727440515596071591e-02
2.521104590620705799e-01
2.412896553223874418e-01
1.096401675165135751e-02
2.778669313788817430e-02
5.588142915747633666e-01
6.459277278563643754e-02
4.090116780303825195e-01
5.074243612901867956e-02
2.560484782177076535e-01
1.815854928768820958e-02
8.817170639837092205e-02
4.127375577618776215e-02
8.244097773076183855e-02
8.455517460159740761e-02
1.926516023309945702e-01
3.215779209893872975e-02
1.004222353665190914e-01
4.362730233677715175e-01
7.897894915568368090e-02
4.732306389397916008e-02
5.974984958387807160e-02
1.561101798385861605e-01
1.419550606387049163e-01
1.098664381855551583e-02
9.672792332495445955e-02
2.245199176227751781e-01
3.754029003496924810e-01
6.782911983816422574e-02
1.437947510653401761e-01
1.760860677776494854e-01
9.496890428348572777e-02
1.008596221588388409e-01
1.195234877961377368e-01
8.136051340022424361e-01
3.242735699641025732e-02
8.762676667388447083e-02
2.767251575705218514e-01
1.131435303583907259e-01
5.520618546880808886e-01
4.874797997915260306e-02
3.029312647194495542e-02
1.935821348341970616e-01
1.111953086118140505e-01
3.035900021921635744e-02
3.904695821644951215e-01
6.336475110620241880e-02
2.830193868021644854e-01
8.945178452964230864e-02
5.968289837309084800e-02
1.256537510493864196e-01
2.537673849211118937e-01
1.008941678715846446e-01
1.912329409639866862e-01
6.958502322527139461e-02
3.154789755019430514e-02
7.433429791777375062e-01
1.755829288685978318e-01
5.230572980149956336e-02
8.411210231701122808e-01
3.616444833769189016e-02
7.969399488632256112e-02
2.207013107407559960e-01
1.247405900890950353e-01
1.656443480973366911e-01
1.873186463255497036e-01
1.532882375996865443e-01
5.759924975586674378e-01
1.479109716829525023e-01
1.444028268693414718e-01
7.919160259667341606e-01
6.081548298885448151e-02
4.536075463105124911e-02
1.600511267925343595e-01
1.294973047358785045e-01
5.213570925030856090e-02
2.859607535493457336e-02
7.013164144931875732e-02
1.988310748705491571e-01
4.351976305002478590e-02
2.193836105846621448e-02
3.436410059071392381e-02
1.547279453347336853e+00
9.722137811827852305e-02
7.159579254003904658e-02
8.022633190839016659e-02
3.636214827819723300e-02
4.405067032159898366e-02
9.883050434244259469e-03
2.714614029906383535e-03
1.333304891259227132e-01
4.797440897316016667e-02
2.423231519358829134e-01
3.425754911351245324e-01
6.909183741665211875e-02
6.896381759574734746e-03
4.046908085009554013e-01
2.050880701379638460e-01
1.646936634587522000e-02
7.091273841584542215e-01
1.177204240082845993e-01
7.273987711317071447e-01
1.849687766595444968e-02
5.461216754195027945e-02
9.195161725921578710e-02
3.594937532873424546e-01
5.760665450625405137e-01
3.242364349678120150e-02
7.864673229504631768e-02
1.822669177367890192e-01
5.863818541788339694e-02
1.793281199430759032e-01
5.888602405276699425e-02
5.856916517160157265e-02
3.588565247611263248e-02
1.284892449430606320e-01
5.820325424053334196e-01
8.196426230313443029e-02
4.087961302044933187e-02
1.921843216455627543e-02
2.319118764100906449e-01
4.342820327469684716e-02
3.638109949941373267e-02
4.869629083134820458e-01
4.519149417909961719e-01
6.594092238178083099e-01
1.807578710000508002e-02
4.197365393705577985e-02
4.529073867427178129e-02
2.100407051808936831e-01
3.475719424922322776e-01
1.186116221049377494e-02
4.678367491416018237e-02
7.737912423858842037e-02
4.684195410593540165e-01
7.457169052098602813e-02
8.320551726901133371e-02
3.351725586902476461e-02
9.731582953821033000e-01
6.383384347407211612e-02
5.459649060695902917e-02
5.671884411336592935e-01
2.555437266673508123e-01
1.763482083102013154e-01
8.971550705110644675e-01
4.327816903579679436e-02
1.912573388007491604e-01
6.452629448424591907e-02
1.136358090354766093e+00
4.849216043608553517e-02
5.072663174957095511e-02
4.514331854772691416e-02
1.540754538098682569e-01
3.354560467776992322e-02
3.557561617244614505e-01
1.298753481423132461e-01
6.362863985628947061e-02
1.414132189271235795e-01
3.180169711178315595e-02
9.638386239260664234e-02
6.122646867025613449e-02
8.652415261644041608e-03
9.538201108884734880e-02
2.336921450416684365e-01
1.340183923321367626e-02
9.204910145321916481e-02
9.147982768140125454e-02
3.746183445671747436e-01
1.667438835098248306e-01
6.826673457881943241e-02
5.069364424338385078e-02
2.017887228921926013e-01
1.112369644695239551e-01
4.570035062254370062e-01
2.070753118398226955e-01
4.159335590839863955e-02
4.568607910275733486e-02
2.677145697423198231e-02
7.292954792258572738e-02
4.981664252816642852e-02
8.869830739261569397e-02
1.884145690117426108e-01
1.830920969589567293e-01
1.436043761404564301e-01
2.972963063432684447e-02
3.275887738968139007e-01
1.159647073215050450e-01
3.514465268547102283e-01
1.482921609178631042e-02
8.095525423732508399e-03
2.809883921918002736e-01
1.963213537178610732e-02
2.600651412432129772e-02
6.384466308374980859e-02
8.667477766110451842e-01
9.340957934187807399e-03
9.760628337817482680e-02
2.156937014830823951e-01
1.024114751620286978e-01
6.964489020178968662e-03
3.023817513480593980e-02
1.419720962562624200e-01
1.597907358364225872e-01
7.406070076462964447e-02
6.124815173565861109e-02
1.175702806268561218e-01
2.051859202169952767e-01
9.794643027130979229e-01
1.619693661860413525e-02
6.129490816993668489e-02
6.187480049556674279e-03
8.113849260086897219e-02
7.745925918690797773e-02
1.455826350952777598e-02
6.856097247920055378e-03
3.144061384913954260e-01
2.003520238202929626e-01
5.261783543566552618e-02
4.198092977873425086e-03
3.504264162036269808e-02
1.566600343174327503e-01
3.999999999985390797e+00
3.377751688942054464e-01
2.419103373600687557e-01
7.665270457271017301e-02
2.784780018643833732e-01
3.769685229754586309e-01
3.549500047931779534e-01
4.815545022570541511e-02
1.804561243162068895e-01
2.289699755374164925e-01
3.062433481570879801e-01
5.756441604124857420e-02
1.496128289439729309e-01
3.105756047576865297e-01
1.773373847990415308e+00
3.913033619281890974e-01
6.449720207572033626e-02
5.887267595479956511e-02
1.544141432017716656e-02
5.722061635110796407e-02
8.003037109088605161e-02
4.276823433880305170e-01
2.493039004319631824e-01
1.982086840059926469e-01
4.283178142212141354e-02
2.937497683272479176e-01
1.289046253025261657e-01
8.965955626420718527e-02
1.022824995565595474e-01
1.475275219411558147e-01
2.917892880617470874e-01
1.458337937928961825e-01
5.582257083255098840e-01
1.210706963802760661e-01
6.533868986613601548e-02
8.453990022728928577e-02
2.463615336246164841e-02
6.593632450738815542e-01
5.794399948226887087e-01
1.605172797056749756e-01
2.036388001704407258e-01
1.761532669677789709e-01
9.224299114823078516e-02
1.371561352574579007e-01
5.099883102692711473e-02
3.840306540954467607e-02
1.869195705123411766e-01
4.149177401653296182e-01
6.849573313762603866e-02
1.884110248072490279e+00
9.709423807243326709e-02
5.875233895728802780e-02
1.429976918173373246e+00
4.067236908635403214e-01
4.295807805592396500e-01
6.340128252305493595e-02
6.990613173790621859e-02
7.624228947018673805e-03
7.265065593266237243e-02
2.605988637449220546e-02
1.626802525265701183e-01
6.143891367536652437e-02
4.192256492819344121e-02
3.833502351864938318e-02
2.878254897672543819e-02
7.660899504281901140e-02
1.094634235723313948e-01
9.634741845026555118e-02
4.020239873053011587e-02
1.531276330565571664e+00
1.310296597972271555e-02
1.255604539149141885e-01
4.406137090848647464e-01
8.700695013493395247e-03
1.117971778139588285e-01
2.800912700086082285e-01
3.698875561839774090e-02
2.418688996719082010e-02
3.929285567372865079e-02
2.285148982654418293e-02
3.573914398536070375e-02
1.438965026016182092e-01
3.814339651544884635e-01
1.687173496338334466e-01
2.172764001432668790e-01
7.635582287954877367e-01
9.515679581480985805e-01
1.576122713019995625e-01
2.600605418623774256e-01
1.641416456952097536e-01
4.228019984219557464e-02
2.994855582317793724e-02
4.289019118189281443e-02
2.850286778259226300e-02
2.876879734452732554e-02
4.305022929843677765e-02
6.484866134759283973e-01
2.761343772780394668e-01
2.107823010568416755e-01
3.612214572673053820e-02
7.666092539360679081e-02
1.621623755451332694e-01
1.754281600087123361e-01
6.018289703342043911e-02
5.316728125366836782e-02
4.126614131287428128e-02
1.647638885001055931e-01
1.059110976595931231e+00
1.938274621086190919e-01
5.553020114927108980e-02
1.152787655237104553e-01
4.655616227095550341e-01
1.594051209361387889e-01
1.784604831408515002e-02
1.868402953426197277e-01
7.304137141235864106e-02
2.201610441859684630e-01
7.557721858108908120e-02
1.754314774864248472e-01
7.279892829412832889e-01
3.253573719767903771e-01
5.776406467548835799e-01
3.198076337279201486e-01
3.732935401642127338e-01
1.528088333163787615e-01
3.757824133696812119e-01
2.009385843767242941e-01
3.001947257756997778e-01
4.014263957120744464e-01
6.624192496271487374e-02
2.533156480022222268e-01
5.277129875517553442e-02
7.228614042077609325e-02
5.157857406518899512e-02
1.438351506805292564e-02
1.080228113724183148e+00
2.850443655389238093e-02
4.400735796689730361e-01
1.037520358119097506e-02
6.412975641607129851e-02
1.876120167213558565e-01
1.492273744178467670e-02
2.294251922718359288e-02
3.888191746618756273e-02
1.098441637329567178e-01
6.852036833292469986e-02
1.942833922887332934e-02
5.230818357655639406e-02
6.031289687641255837e-01
7.611555961953319072e-01
1.915778344275088224e-02
1.262918479879769351e-01
2.411860657187521462e-02
2.340968416193130522e-02
1.615321754941035637e-01
1.161433553775875760e+00
1.716237709910758968e-02
4.666751140582955371e-01
3.135268251948778589e-02
1.118036756689104114e-02
7.537969497047454503e-02
2.395297862919958387e-01
3.435920954351238954e-02
3.988132366525546368e-01
1.588426727079693679e-01
3.113150214161622964e-01
5.564277716472044999e-02
6.862931824387648039e-01
1.111291323049814039e+00
5.169343083807374090e-02
1.631473274395431675e-02
1.326462568547001342e-01
1.989961772860132094e-01
2.399707886121035250e-01
1.409023525090524233e-02
9.932623373371617381e-01
6.952409606408095633e-02
1.513933439031751371e+00
1.171545399120403674e+00
2.148156886768973553e-02
6.134644507372222916e-02
9.021860482526924963e-02
1.281418385451863796e-02
4.265831996395003101e-02
1.245847238215226360e-01
9.132806022614713137e-02
4.706693710914632706e-02
2.424730189187661811e+00
5.866687855211819534e-03
7.423073395569732003e-02
9.260086631801238422e-02
1.490620599840430105e-01
2.059355832865692737e-01
4.607947721097033211e-02
4.582966133503009465e-02
6.970013337441159640e-02
1.871963376202863405e-02
1.173314483063163383e-01
1.516741937385030770e-01
1.761210163883730750e-01
1.343722035178637475e-01
3.229535279755376131e-01
2.176978279131672744e-01
2.672827055700878196e-01
9.795834038707226799e-02
8.021989913173609849e-03
4.424282324936810833e-03
4.934378748975626339e-01
2.034960689312173832e-01
1.215679289822620135e-01
1.187154033907736328e-01
3.975307964869879279e-02
2.700537205815102926e+00
1.697606218154183028e-02
2.008910037917737146e-01
5.109173401675194681e-02
9.388184178144431957e-02
2.641156086791118240e-01
2.352338663680580755e+00
1.226723509866470135e-01
5.783399652378006656e-02
6.787541888017468994e-02
2.259129285044138985e-02
3.887585726930403718e-02
1.197449940234326937e-02
1.371938040229560563e-01
1.107988739878800866e+00
4.843424713214540267e-01
3.816586242864508094e-01
1.735315507857628781e-01
4.727395040214767141e-02
1.350421571652659913e-01
3.950734680212720784e-01
2.336478898205608112e-01
5.649146483058526541e-02
1.451662311248728410e-01
4.380969522440166242e-01
3.985377431136041260e-01
3.039209130802627556e-01
1.863546103154073152e-01
3.077251014875382468e-02
1.146276268885679517e-01
4.530676244073884862e-02
1.488043257196293156e-01
7.145169226181931343e-02
8.382151497657480688e-02
6.544583552351911082e-02
1.039811112824812894e-01
1.902030418850585852e-02
1.064943080559735550e-01
2.375422774030193085e-01
1.154393795508639742e-01
4.670889348592929258e-01
1.153062350491084430e-02
1.472498264931677847e-01
9.150747889942893731e-02
8.927665290302404244e-02
6.860722381252097601e-02
2.896370934070288672e-01
1.360297153618099664e-01
1.207254508121539949e-01
2.891489131789476419e-02
9.867241440996479263e-01
1.946837877476561007e-01
3.649898814467363029e-02
2.081688455111491698e-01
1.746022700769098990e-01
1.029347815059757643e-01
1.055569998537085746e-01
5.457905063672000706e-02
8.777754869997859977e-02
5.390237108400109944e-01
1.365737431624126919e-01
3.862650340973725061e-02
6.128197737700788461e-02
1.274516050196485353e-02
8.388281509988090856e-02
3.246654232199398110e-02
9.789793281012891535e-02
2.631898830418066826e+00
3.520156893435030798e-01
8.482109179466090776e-02
1.484819115570428470e-02
4.805685446890761159e-01
1.314963795345052144e-01
1.964812626120533423e-01
5.584302948471862871e-03
8.061289405314682466e-02
7.450235740498316328e-02
8.779854445570970389e-01
5.598457027697548855e-02
1.265689944650063292e-01
9.340437297968535307e-03
1.296845511207558865e-01
6.591553430180213669e-02
2.077587577035632238e-01
3.488129918811763708e-02
1.417362869613703405e-02
1.203776680403467469e-01
5.322272096347052672e-02
1.353926871244240659e-01
8.657477239879536601e-02
4.545632718937762939e-02
1.539964831365701892e-01
6.853778994611835484e-01
1.617547751128211864e-01
1.201982622583267629e-02
2.635161574440155960e-02
8.697973314486054722e-03
1.573550110460457743e-02
3.464223989043144214e-02
5.074943044880667609e-01
2.107776640042517136e-01
5.727778417156643709e-01
1.129285565201073455e-01
