5.600872234469147365e-02
1.309447258270829695e-01
4.573156827463144558e-01
7.971664820564543230e-02
1.149774424575990134e-01
3.280292968930578756e-02
2.383117300873218228e-02
6.376803914271200746e-02
5.382895500314309467e-02
2.567624746225681820e-01
1.272240559410886984e+00
3.883000241450362822e-02
3.670521365390431723e-01
1.666828034240867284e-01
1.575784085856117844e-01
4.107657267296024178e-02
3.120139607172425691e-03
1.057550048172608698e-01
6.611448042382610246e-02
3.804072310135824669e-02
9.894663599311123714e-02
1.039787895944055823e-01
5.976646494833337542e-02
3.569153297946890402e-01
2.619693421585719828e-01
3.429100904558404078e-02
9.694109145467874958e-03
3.903646783263544501e-02
6.997090731765220895e-02
1.183630163172520872e-01
1.973360583330363571e-03
5.969393116909620101e-02
1.675925425704929972e-02
1.496327503065083761e-02
4.030627648026885446e-01
7.642520732821195262e-02
1.521225644120860199e-01
4.601996654712477847e-02
1.043119628784773129e-01
6.718002775051264142e-02
5.278758567724723717e-03
2.282211312679074608e-02
5.094580510336140650e-02
3.942493745925085835e-01
3.559417760698995598e-02
1.321156680554722851e-01
9.862094591884142114e-02
9.985791290133420872e-02
6.269424921993834582e-03
8.188181398608021522e-02
1.405949949271651511e-01
8.189644399030424071e-02
2.088507166216868258e-02
4.128157777942904200e-02
8.744925691835134240e-02
8.845881096298281454e-01
9.669007607426534714e-03
5.933603320389062574e-01
1.508316720646924736e-01
3.302614024443462082e-02
5.437928303453519741e-01
2.065243972351557544e-01
1.323146624757711720e-01
2.292275285158449361e-01
1.363765391858532683e-01
2.366455606673057224e-02
8.119108474511195842e-03
2.897259601777060160e-03
1.358494418068737983e-02
7.930582105283533190e-02
4.451175349294553968e-02
1.989548041700993364e-01
1.151061129422436408e-01
1.436956017787730799e-01
4.799433499992470514e-02
4.619703106792576175e-02
9.749784326275356960e-02
1.247562776517795236e+00
4.969039229892648069e-02
6.700684803155214364e-02
5.130440673892661119e-01
1.011130034769485431e-01
1.200284116660601252e-01
1.817169548870606333e-02
2.553303108094989171e-01
3.523627328111053614e-02
1.122522705976204960e-01
1.401553115749319678e-02
5.949154833195515607e-02
3.655354496292230193e-01
5.844453014161889171e-02
5.125803776895233171e-02
2.320468104219263750e-01
2.863347341017609127e-01
4.355016970765190343e-01
3.537052099887331991e-02
3.754198544274420929e-02
7.126270051839421471e-02
1.222153268494672179e-01
5.950613004377874882e-02
3.003144811111333606e-02
5.378874511629506694e-01
2.099864221917558116e-01
1.386154265440431646e-02
1.324943714853189514e-01
2.545647518400334097e-01
3.790383135500126621e-01
3.928360988620398231e-02
3.453822950725286556e-01
2.926594148645531718e-02
2.599283683319576072e-02
6.661095194450672441e-01
2.271238288320322554e-02
6.034002805050468765e-02
8.771493731430349827e-01
8.849320056346511587e-02
2.930293946927459703e-01
5.726794527486943620e-01
1.117658791184150679e-01
5.976533507004736651e-02
4.867291564901011780e-01
5.420421612244235438e-02
1.567692052631644573e-01
1.304549977158855380e-02
1.162995697233730474e-02
1.024007305512193711e-01
1.243281014462696218e-02
1.135859682098718515e-01
7.443079929723316335e-01
3.877371171292149366e-01
6.397536640814761866e-02
2.056374534947080224e-01
5.741583363710889981e-02
5.808507367579884839e-02
1.243308188646208151e-01
7.670223723824376449e-01
2.540736857029397139e-02
3.068463148962814399e-02
6.519008785308558207e-02
3.437277907693821882e-02
7.101288438097456968e-02
1.363759830082003632e-01
8.266576250956381156e-02
1.420598556804650581e-01
2.302822036559445604e-02
1.745317624824967856e-02
2.243720915415875136e-02
8.244885428143798600e-02
2.601145606928602083e-01
9.168129414205325456e-02
1.149612848734669762e-01
2.290415128449017901e-01
8.129830472251251550e-01
3.271241075116833319e-02
9.336130570073368495e-02
1.514519748976891622e-01
4.393634256620170681e-02
8.967797097124208250e-02
2.371525577331019818e-02
5.647697592203629324e-02
1.050952692101593255e+00
1.622064659177375467e-01
8.700370293521575427e-01
1.009677235495249459e+00
2.950755020013854368e-01
2.117514839399561311e-01
1.916429766664563272e-01
9.809074243923647865e-03
5.591062922891780473e-02
7.445711578953863319e-02
6.011903697007199218e-03
6.405356587479172914e-01
5.340943104758498657e-03
2.295518836826445155e-02
2.169556936706629885e-02
4.570042127378801666e-01
2.190945855117348504e-02
6.110073202136619662e-03
6.190416697688011505e-02
1.966167860980788662e-01
1.009768380359586243e-01
1.876492229351464092e-01
1.712228851806389673e-02
1.507991795354977731e-02
2.579045497128560349e-01
3.959427370792620998e-02
2.136293630855363654e-02
1.433771460936811570e-01
6.916033430705066654e-02
2.678460602611116431e-02
8.613722877008530565e-01
4.405614682148821792e-01
1.083217903164805825e-02
1.394400876960271152e-01
6.011991665247537996e-03
8.127573608357063772e-02
6.119609505661875032e-03
8.316955508829573795e-02
9.018394765212223163e-02
8.728611026765906167e-03
8.312289529696768875e-02
4.069729404410898921e-02
2.014221621846401175e-02
4.789381819061193368e-02
3.718765435954541308e-03
2.338017571904612568e-01
6.491660633400289648e-02
2.079691920889802925e-01
6.010665575576425168e-02
3.339852623483088867e-02
3.219462966171345031e-02
5.495124517377011353e-01
7.993405268611507575e-01
2.834599160723982325e-01
1.075729085660459272e-01
1.154637931324872524e-01
2.537453883968467938e-01
2.606796067361825675e-01
2.809828847883953928e-01
4.220405195595406389e-01
5.966004617159939571e-02
6.796519696249146703e-02
5.294012556313536233e-02
1.964563467252654627e-01
5.691426527022493825e-02
4.238164934084785035e-02
5.063586622166783846e-02
3.233216101786364621e-02
6.548129546322918604e-02
3.860934048502289578e-02
4.731033822648374187e-02
2.568225488030616288e-02
5.284809681680792126e-01
1.317466302672130052e-01
6.806311076690563233e-02
6.485785607326798319e-01
1.200994472047408057e-01
8.123433310541994246e-02
1.277899768394160154e-02
4.733431873021712311e-02
7.456374804610592377e-02
1.248752847820764657e-02
4.427707546567021812e-01
1.590838544838478127e-02
9.164497477490025912e-02
1.425982297940627669e-02
9.450189565563632543e-02
3.095021402018207496e-02
1.037060674369829627e-01
3.086138870617181201e-02
1.213886185474937651e+00
1.676278448280685007e-01
1.862040367215056849e-02
8.205514395978752082e-03
2.157583697567483361e-01
5.374938128100548856e-02
1.745849955751988328e-02
5.086402309679514261e-02
4.056286297054489953e-01
1.000671522173266458e-02
4.958313916063778609e-02
1.512635677013874635e-01
5.451003704842797420e-02
7.198601695677261936e-02
1.719068149661992159e-02
1.871507239799730937e-01
2.330058240007388398e-02
1.172454473966282107e+00
9.600399824398413162e-02
1.165864997936516267e-01
6.031742193167034111e-02
2.647859884953935802e-02
7.051505138240929949e-01
2.936656018757207165e-01
5.066479568657896414e-03
9.626946096080693516e-02
2.644257940507124122e-02
4.198959688466490370e-01
3.321238789926662244e-02
2.231608640867659699e-01
6.455266611287106826e-02
1.471595364300176852e-02
1.842390658209950433e-02
2.765868845914862956e-02
2.821030197528596184e-01
1.779925181559452119e+00
5.361504619551875350e-02
2.477688816362912452e-02
9.369502415716322863e-02
2.331094228519532685e-01
1.606525015157764594e-02
1.714617241732857011e-01
6.772328998591262139e-02
6.147758726249518552e-03
1.868283227029910246e-02
2.959551876382318300e-02
1.203766895181948848e-01
8.380735527609387003e-02
6.083376963628413930e-02
1.204711306072679400e-01
4.123531263991689344e-02
7.693825439211007464e-03
3.520777481235490974e-02
9.792938311089911807e-02
8.109056914538321781e-01
1.999677031765634272e-02
1.609796213025048439e-02
1.839734199336233722e-01
9.147715157574845546e-02
6.164182923342815396e-02
2.326601153730616448e-02
1.718768186952108340e-02
9.944836482205508810e-02
4.076379125493617694e-01
9.850094264951052628e-03
2.563159557370462208e-02
3.872467216869968643e-01
5.771640834442413048e-01
2.477648121896339206e-02
5.619178970578219134e-01
4.638686204765665733e-02
9.245982193610660094e-01
2.476343966212770503e-02
1.320627551408208936e-02
1.161005781892475858e-01
1.282106647553642731e-01
1.895578268132046967e-02
6.833483979191629087e-02
2.041155342554953622e-01
1.645835708742152126e-02
6.708162674051966479e-02
4.244607366025111850e-02
3.508510902071349663e-02
1.596879049362650849e-01
3.151234721873078515e-01
1.889131983564788508e-01
4.012438142815565739e-02
2.621041102234007991e-01
9.906523014829266005e-02
7.998996111554222688e-02
2.277571477367450747e-01
9.755004498202088370e-03
2.970771334835221045e-01
2.654620793410784191e-02
3.231228386937490260e-02
4.188999567413922293e-02
1.003948319417301456e-02
6.990557914577615051e-02
1.883044882958250649e-02
1.072704235135363421e-01
3.837686968440787716e-01
6.368211938879689282e-02
4.508775799099047910e-01
7.511640714050896520e-03
3.459404771181339572e-02
4.720040805347622964e-02
1.522080517008903844e-01
4.174717504615139269e-02
4.070004242308950526e-01
8.207356309006542949e-02
3.831864996838974663e-02
3.537092789955600253e-02
3.711385225970600249e-02
4.919026022227261652e-02
1.293729834736915829e-01
5.897028030154138206e-03
4.355910953500381072e-02
1.900914425821905243e-02
1.144298618843258009e+00
4.772363781962876694e-02
9.885782944873675038e-02
7.466216404873800283e-02
3.058443833190494648e-02
1.535030357543336506e-02
5.602359430467638429e-02
1.049076837616108072e-02
8.440263803403897924e-01
2.495989405358267632e-02
2.061934442246366184e-01
6.016673126555733067e-03
6.998595261130046152e-01
6.704524690527997877e-02
9.328562263190615100e-02
6.472318735206841200e-01
1.816477977513016734e-02
2.193695978206078312e-02
8.975509821697022494e-03
2.351544662606126074e-02
4.392434819140262486e-02
7.900449965670491848e-02
8.460433350943617758e-02
3.064328631730034447e-02
1.139639152071681150e-01
2.675876947666676053e-01
1.541498076980154230e-01
2.655651794799527080e-02
4.195283522363075709e-03
1.147459944669689848e-02
9.370800164540041277e-02
1.220476601780255688e-01
1.077963649941273139e-01
1.736090316250298748e+00
4.715986417054073010e-02
1.548129017479361325e-01
3.162953889992371759e-02
7.164503079014139519e-02
1.283166771296050390e-01
9.996381249439555139e-02
2.684097460517461189e-02
4.098234722477432923e-01
3.943818440979505319e-02
4.867567453654302739e-02
9.642569600886746750e-02
4.882844782659531702e-02
1.960383398039308167e-01
4.248659649227031626e-02
6.838823887902216458e-02
8.124458795204092532e-02
1.234982401381307243e-01
3.353131052224846975e-01
7.004287952674560780e-02
1.355629452667889145e-01
1.294667919001937784e-02
3.409329574017767872e-02
5.710301339615998784e-02
2.750743250226821424e-01
4.141323059789594335e-02
1.222775861314406298e-01
1.871909418466863873e-01
3.429628678365462431e-03
3.052704588307906253e-01
4.577390737497729484e-02
1.693004161590523637e-01
1.720768851445486636e-02
5.892830129364042685e-02
1.104350155102037101e-01
1.103159026949018275e-02
4.254971357331593235e-02
1.327979567289100556e-02
2.146474674455171872e-02
1.031225535288695649e-01
1.429034213992634861e-01
2.532969936762778998e-02
6.192854323395343696e-01
9.210565384805047273e-02
4.280204966118648230e-02
5.861794739436278212e-02
4.053094986570391356e-01
2.653295015612636698e-01
2.795033417006011905e-02
1.000459767844864324e-02
1.333330366109753140e-01
1.745233418831365277e-02
5.468590746785434442e-02
2.041659487629622571e+00
1.275482162061467029e-01
4.054685236104191987e-02
1.742037648009722439e-01
8.050976701936911617e-01
4.017422572008606807e-02
9.342044122556004970e-02
7.536442342525238869e-02
5.735344200582211810e-02
7.701005354010670434e-02
6.316549697146254215e-03
5.181907222184479744e-01
9.661546141016603972e-02
1.017304731860755873e-01
9.830438509283126458e-02
2.449861563316668364e-02
1.224654070371751224e-01
7.193871506827102802e-02
2.027427768390879098e-02
2.783951707953218752e-02
3.448490518846900055e-02
6.121314010528647875e-01
1.268560988264693656e-01
1.533802437723898182e-02
3.881105624560870181e-03
1.223377660048141496e-01
1.277394893379356078e-01
5.731881168809126875e-02
1.009050675619447696e-01
3.467913318710360432e-02
8.267458979424974208e-02
5.029996696797642969e-02
4.437382562897630722e-02
1.537080346578368305e-02
4.835181673199817620e-02
1.380198816264021910e-01
4.746032767390555018e-01
3.877042513857882344e-01
1.652362417362188418e-01
7.025855907838868264e-02
1.388698107630453350e-02
2.181902546763421491e-02
5.304306857038788570e-01
7.694405040125375239e-02
7.827839354744663136e-02
2.400210836589396213e-01
3.037674724923510317e-01
1.056797531136494973e-02
2.816684485931989987e-02
5.851510693305664312e-02
6.401991409319800208e-02
9.691897728757632446e-01
8.285991479370438673e-02
4.755051563585665358e-02
4.500794988009850645e-02
1.470363195170818482e-01
1.264871453824515657e-01
2.123318063611389847e-02
2.965895792065223469e-01
2.301583955609153020e-02
1.949320573365584952e+00
1.399056827280911464e-01
3.244611253578255639e-02
1.537178694614741714e-01
3.303248634001993561e-02
3.134882370838801835e-01
8.915764565285363985e-02
2.057296901803308264e-01
2.102904071934907637e-01
2.754940182335115575e-02
2.266749721024628392e-02
1.801611004432955229e-02
2.765284891586982513e-02
3.230658169773770183e-02
1.377361625625658434e-02
9.609022641608697124e-02
2.380765705152055600e-01
3.568653614187689005e-01
6.225673881036261625e-02
2.694442103881347986e-02
1.624093430039967936e-02
2.706230845121762041e-01
1.992252277954123518e-02
5.607474919576220518e-02
2.303255501646959413e-01
2.116384623170803059e-01
4.573699380134125386e-02
1.049251203041203090e-01
4.952795674953553579e-02
3.304393822385988388e-02
3.133562427260361272e-02
4.702770706412047474e-02
1.973737927269580278e-02
3.172148174528314352e-02
1.672311705651776115e-01
7.518823235626783709e-03
9.788117582808805381e-03
9.663177326626375130e-02
2.339811511085629903e-01
1.963353335687445175e-02
4.886895085221483748e-01
7.397141871088890562e-03
2.001624153810842022e-01
5.107301647827705571e-02
9.743141095847385191e-02
2.214863099727926860e-02
3.972284341540929103e-02
6.712484456692971967e-03
1.308099594141593110e-02
3.512883242376638876e-02
4.391093886396303658e-02
2.463218764075469080e-01
5.396808795459830804e-02
1.302508476434054430e-01
5.398981320337865354e-03
1.806568566685529120e-02
7.955626431385433295e-02
1.370775523309197552e-01
6.638065478479608650e-02
3.188506293458847063e-01
1.409543330706855280e-01
3.611130324728252516e-02
1.300662760041401689e-01
3.571964193490562850e-02
2.573122313346297430e-02
7.006187571460672503e-01
1.217926514413903566e-02
1.861114072612940762e-01
6.228891426763605299e-01
5.283944085142457947e-01
2.993710571928142467e-02
8.472801896797825527e-02
9.837468432017124065e-02
3.161041682073283399e-01
6.451347603149878984e-02
1.148891090779030899e-01
3.375788932335569651e-03
2.897422915970752563e-02
1.872635181318736686e-01
8.540843670966029311e-02
3.088637715955607280e-02
1.900362377195338390e-02
3.748035587511251709e-02
3.894695370875982110e-02
6.172341642392578653e-02
4.841471495828802984e-02
4.185990908336084670e-02
1.512518971457512906e+00
2.162485238611685026e-02
2.499743263642054819e-02
1.643935175692578243e-01
3.513192921273805558e-02
4.422707926607034185e-02
1.437563800659169000e-01
3.591714605871913074e-02
1.721961061299040752e-01
4.449910887610659255e-02
1.883818427145891594e-01
1.578617507326216668e-02
1.878803266800290611e-02
1.068847784959083835e-01
3.928878419892196244e-02
1.470135170001568292e-01
6.725458107798121254e-02
2.964289869090912591e-02
1.611248813639824112e-02
5.593062256172193908e-02
8.176332164122493418e-02
7.929190978651122490e-02
4.343225433936440810e-02
7.718154017172984549e-02
1.630032550879074449e-01
5.955189086910870344e-01
2.464816773270817399e-02
8.927494140585810756e-02
6.625798457589383503e-03
1.354019160856506421e+00
4.467846058606513848e-01
3.191215850512301062e-03
1.739158109930648982e-02
9.012395021356268687e-01
9.881869883403292948e-03
8.027659528852783971e-03
6.059987204977497488e-02
6.195966709572799935e-01
8.186290333636940530e-02
3.120130176275670575e-01
4.299056910586934732e-02
3.331054201838187789e-02
4.972724175084383691e-02
4.185056706185070752e-01
2.831390688677780029e-02
7.112335763696861490e-02
7.911634091036751082e-02
4.493559262807624716e-02
2.905343932369989224e-01
1.436574549569016868e-01
2.286407112312250911e-01
4.296665165271614240e-01
9.072369229165649918e-02
1.553529028603945816e+00
7.460015981737903867e-02
2.040204283109030986e-02
1.025766026121498198e-01
5.116547755910771933e-01
2.486480143766235940e-01
9.592182321647459153e-02
1.932562404532493228e-01
3.824216012744449111e-01
6.712611649047557638e-02
6.589176276972666564e-03
1.312157602730421591e-01
7.835933052749700922e-02
6.417084858536376002e-02
1.484100606539731915e-01
1.787790365077102442e-02
7.663312101206483373e-02
4.378163503878274715e-02
1.457736321896129783e-01
4.714932442747137020e-02
2.260998312902622043e-02
1.478913961838866364e-01
8.538863693204125013e-03
8.105840691481620841e-02
1.366816591778250656e+00
3.531571535810652113e-02
2.384755876048234857e-02
8.926354938679523232e-02
9.469809001641739735e-03
8.121703258368079270e-02
1.052264842287072358e-02
9.932435411631662658e-02
1.273096225507006352e-01
7.076559932329597180e-02
3.572476905280151660e-02
1.761793660607213208e-01
1.339433408494154210e-01
2.938193207140116919e-02
1.487074681129512688e-01
1.320533293339138103e-01
1.359661426084991798e-01
1.839373398480463884e-01
1.761439125107401027e-01
1.090570559716225602e-01
5.838581065904887429e-02
2.574091596469192944e-01
2.862116392588954228e-01
4.732172757963272192e-01
1.167698082958433359e+00
7.568737249621815266e-02
1.936883673279700124e-01
2.451027719293547014e-02
2.193801203884973294e-01
1.651769087793013291e-02
1.358857495575083521e-02
1.003591050463154000e-01
5.522517648358690051e-02
7.238801699668485912e-02
1.116779637472394282e-01
2.807069908567806638e-02
1.524189890431728145e+00
3.580170034481366254e-02
1.224633358221913632e-01
9.524137336612352456e-02
4.218761008233907761e-01
5.100247631537289106e-01
8.702572780707179545e-02
9.484868988999757555e-03
1.096939477878187824e-01
1.059449698290378800e-01
6.219617385077381710e-01
1.768764673081303640e-01
1.222550474314984190e-02
2.069063754092509144e-01
6.236840173339640581e-01
2.381446708579156024e-02
7.397774864373871107e-02
1.054767879412777720e+00
3.886121498000552621e-01
9.959513394285343657e-02
1.485358715811738867e-02
5.117185186114528092e-03
7.505499540474233622e-02
1.277231218528826484e-02
2.111373616142228071e-01
1.258161060697843281e-01
2.647295167902219970e-01
2.439572225037957565e-01
2.616587445618836355e-02
5.473341251398462781e-02
7.924972829962537157e-02
7.496650393085095565e-02
1.052943940260758354e-01
1.349928910707724472e-01
2.121854994152354568e-01
2.104504789119765462e-01
5.028965514491843050e-03
1.393872417374069500e-02
3.501966720912512432e-02
2.354061787919197735e-01
2.172027171371793824e-02
6.250718254787095418e-01
6.911597386730632120e-02
1.230189312817205755e-01
1.216594409262791443e-01
1.731419439414565511e-02
7.121182444010960844e-02
1.391109286455698424e-01
5.238806616570070851e-01
1.004236433014758650e-01
3.603042830268459729e-01
5.670539527766929044e-01
1.298897335900236205e-01
5.517150612822140365e-01
4.938113244109067212e-02
6.927352079565684238e-03
3.328604061882024512e-01
1.244135583414028925e-02
8.234627766380010760e-02
4.224569139356096348e-02
2.667656483590674643e-02
2.844997552860257725e-02
1.693032743823165709e-01
4.924405647319105017e-02
8.726770089117226459e-02
8.192878787979310240e-02
2.416044054658899806e-02
5.134476030037965488e-01
3.001468419622801628e-02
1.580674085811938356e-01
3.472956329466663286e-03
2.878710645499327758e-01
2.604723212757614065e-02
6.304344052323483660e-02
4.059602303130120660e-02
1.054119958787472049e-02
8.480466043980712521e-02
1.170005671825675442e-01
2.174506157224555258e-01
1.041445282484160240e-02
1.279687258528358906e-01
1.987994962041151822e-02
4.392676101082561464e-03
2.925185423998645229e-01
1.208296137765569461e-02
5.282650880490341594e-02
7.291381038486663413e-02
2.619343878931645886e-02
1.196877254939698321e-01
4.345372936309246925e-01
8.617374654208135309e-01
3.516128382015940718e-02
6.128782321461092447e-02
7.791703426962462431e-02
3.331121978096700242e-02
1.373450536004431344e-01
3.119959978172616097e-02
4.721697809152122088e-02
8.360253323341794440e-02
1.095896450562888619e-01
1.091701711080123212e-03
1.527686307807069876e-01
2.839428099395262597e-02
7.961333065515353857e-02
1.855067122753963765e-02
4.012870687582474616e-02
4.534474267292803451e-01
9.072140358878472144e-02
7.449922150939916055e-01
6.213641589822108124e-02
4.953921586468921362e-02
1.531845051595315775e-02
2.186777541918882017e-01
2.372651425943168163e-02
2.611514423320531603e-02
5.274796024391761179e-02
9.110747576922036128e-02
1.740704721893797033e-02
2.587549259441903129e-02
4.553718380914911767e-02
1.328796089373686928e-01
1.715689535280596478e-01
4.945099206438918586e-03
2.719822121806607096e-01
1.128416857627884545e-01
7.586947675369198896e-02
2.799916570609227162e-01
3.189386546418596091e-02
1.585978041009628720e-02
1.122305988277072786e-01
1.880518303347185685e-02
4.564731280400941005e-02
4.846762313308426023e-02
9.887913716887603011e-03
1.649308900111002424e-02
1.500136309006568913e-01
4.165514687285399309e-01
3.908663385216992053e-02
9.098334301177540828e-02
2.333955433168011795e-01
1.760995174774693597e-02
7.842986306794821338e-01
1.133874527799852011e-01
1.242644502112027344e-02
1.540396183414262377e-01
2.131530922183835428e-02
2.270047841652686818e-02
9.378165887906021736e-02
8.004402001125414390e-02
6.349527935796100975e-01
2.967299297233842448e-01
4.233570705270523482e-01
1.565698599343892383e-01
4.175264477317094935e-02
9.183108644942999943e-02
5.539598121781302842e-01
2.699654705704705449e-01
5.620777892573607104e-02
1.195004079264247107e-02
1.408308606376446614e-01
4.306885592639098093e-02
1.170803845558299056e-01
5.258326759174988124e-02
1.691912737145371548e-01
3.279238852587665343e-01
3.642828403730082321e-01
3.403054545877177706e-01
1.274924631974242439e-01
1.121315477578229379e-02
3.109054950858085586e-01
3.011078106650275435e-02
4.634726471327989955e-02
2.318779896926618719e-02
3.859978920307324118e-02
7.020608613957250721e-02
9.610359762469887490e-02
2.848822290974747234e-02
4.409309339016674600e-02
6.099305158546360073e-02
3.765678133323184240e-01
6.280957474309206701e-02
3.515614726616176910e-01
4.187442903858112908e-02
7.513914715304695902e-01
5.138872023725024052e-01
8.159967466906711819e-02
1.491339784072234255e-02
7.526217919201383388e-02
9.545467528332250706e-02
3.792215320599355288e-01
6.945009094271421823e-02
2.040149803563756983e-02
2.191527149720358739e-02
1.680771658115811501e-02
1.458706399194798498e-01
2.718618897887414496e-02
4.888794536655237388e-02
2.826825406250884631e-01
1.626129528410120151e-01
4.641793084017899890e-02
5.244296441555797855e-02
2.173649850718013254e-01
5.829399798698280122e-02
3.560127606286459662e-02
8.247812696267467492e-02
4.652241147452225167e-01
1.469853737646754921e-02
1.801469450387861437e-01
1.529823632639315256e-01
1.604184529450312577e-02
2.356298169911342708e-02
2.217327847592847345e-01
6.382651335498254475e-02
1.095717214525756926e-02
3.161524631665345586e-01
3.687390520286813050e-02
1.444849527689056334e-01
5.300172037254064633e-02
1.221313465874432347e-01
1.228743238308604990e-01
5.402359530950723993e-02
5.501012409860321639e-02
7.386124568994086037e-02
1.109690898271659537e-01
9.804783424610112597e-02
2.938106044617067383e-02
1.792627160833376310e-01
2.063854432380818338e-01
2.652042193948654369e-01
8.470930519277400372e-02
3.159670649282439459e-02
5.360918429740973989e-02
3.125724928709793793e-01
2.531563863930415548e-01
2.226000088934741716e-02
3.114862023780777256e-01
1.239832985235554859e-02
3.448339971006938454e-01
1.188181262456246695e-01
1.944810331698629616e-02
4.864427823270537493e-02
4.059517202511622180e-01
9.525674253629871913e-02
1.433293258086769904e-02
1.417704306909225442e-01
1.599678648165317463e-01
9.579683761800245057e-02
2.209282958282806145e-02
9.917236215960953949e-01
1.164489452261184971e-01
6.048860795192095852e-02
3.994469325750287653e-02
1.033483475085999748e-01
5.157347400588030428e-01
2.639087580413692138e-02
5.246456257185806715e-02
1.337818860539525812e-01
5.473311406051449210e-03
8.542469546398760993e-01
7.043188110842173444e-01
9.936953869114011351e-01
1.544169292938433191e-01
3.440845360973501799e-02
2.993084938812115223e-02
1.424623612731793290e-02
1.398799369630721323e-01
6.856255521390260954e-01
5.937911617253330276e-02
2.805966604890111626e-02
2.731210159785756736e-02
2.438131270672073969e-02
5.180633846034808643e-02
4.253711080158261160e-01
3.020466466089347657e-01
1.494345540011584816e+00
1.363196038311458025e-01
2.724320793738499100e-02
2.156362079640067320e-01
5.245337936477627999e-02
4.975336132160393388e-02
1.251696160947199932e+00
3.669231487457778884e-02
1.440705379448688379e-02
1.130474621740569896e+00
1.551299581025812092e-02
2.473083513821092844e-02
1.307395630507116047e-01
5.228568105118708287e-03
1.663191048994334398e-01
3.048679247905962050e-02
9.240143834872207584e-01
2.623908708654305588e-01
2.335690930151300068e-02
1.251646426824586378e-01
3.978686456656840148e-02
1.661552722490959033e-01
6.069762477608833112e-02
1.251063767635812174e-01
6.763196444055750989e-02
4.829969671075050319e-02
2.321017339540771066e-02
6.151896182990444772e-02
5.262106525028209525e-01
1.068072216524162121e-01
3.591662956269446316e-01
1.476065821503865227e-01
3.190060603265678502e-02
6.365451769423577932e-01
1.798098137339932887e-02
1.370236551609890219e-01
1.239286313444621229e-01
3.138460414934148290e-01
3.739132976361991129e-02
3.775042691253431282e-01
2.577972042519479645e-01
4.169022690840130108e-01
1.926131601929809492e-02
1.296703757329955298e-01
8.964233137750139691e-02
1.645200246663807223e-02
2.392329450668921262e-02
9.633721643717239880e-02
3.414999431192257406e-02
1.666021639114324826e-01
5.153132222821622810e-02
9.695861721935596089e-02
4.042757125950963842e-02
2.414385003447894890e-02
2.266533999423490930e-02
1.049832153806463421e-02
7.019049731884334509e-02
2.346462178640419671e-02
1.863909420423194019e-01
5.810130912964587280e-01
9.585447793207699588e-03
2.567286779179357714e-02
1.912676310997692489e-02
2.578345015737721832e-02
1.795529318054629453e-01
2.808907887458446384e-02
2.730519771676949425e-02
8.839486320571034172e-02
3.120329735353780110e-01
3.411444817106564220e-01
8.119369437008615575e-01
3.015997933662183939e-01
9.370926565204761374e-03
1.030578640244705246e+00
1.212623782798527422e-01
3.751095373291694207e-02
1.437747957693051859e-01
7.391362570413874400e-02
2.331864462756958606e-02
2.478680777609211863e-02
6.634101167626992035e-02
2.320310306636281794e-01
4.410543897976967886e-02
2.955764983598339057e-01
8.785687522934926275e-01
1.623108358411851915e-01
1.743666002070303964e-02
8.183251631287201400e-02
3.459358587187396500e-02
4.230907557289775855e-01
5.150964895999281534e-01
5.249998233776059786e-02
6.241242691287940403e-01
2.577187252885659169e-02
1.611190618446412259e-01
9.781169104066038400e-02
3.772991973745119104e-02
9.088178703995131169e-02
8.113457706132367608e-01
1.774601114949183878e-01
1.047748806699144546e-02
2.503038893848711158e-02
1.206428395670381820e-01
6.526628676471643575e-02
1.686403981935850893e-02
4.633444529167401321e-02
1.374581587142165995e-01
8.403423154034707354e-02
6.577193684665093992e-03
1.140490278188163037e-01
2.227492630285492770e-01
1.800596207649226566e-01
1.569932939575932954e-02
3.273902298191185833e-01
2.449449926257433185e-01
1.670547114945603318e-01
1.381307702381936141e-02
4.245343122386686929e-02
5.626144876434784337e-01
9.859870022699455949e-02
2.354748592786631844e-01
1.525287006111973251e-02
6.846907085579061192e-02
1.469628844332034057e-01
8.399686463178378526e-01
8.942444215275545394e-02
2.649227168749404213e-02
5.304557840142915676e-02
4.276498998481078478e-02
3.816349378645952223e-02
1.905306746414633240e-02
8.125981811860212567e-02
3.332949946396144419e-02
1.091736695876178720e-01
4.941635228056363155e-02
2.443449386844114835e-01
1.062522203509217861e-01
1.297417298234272987e-01
2.801791749294063050e-01
3.950247088098229886e-02
8.037703877194204982e-02
1.817457673203020929e-01
1.505327993815989696e-01
8.219271802697908358e-03
2.215256833351980648e-01
1.417198992881842645e-01
2.305971514347470233e-02
1.692852299223157886e-01
2.295868483535341148e-02
1.104034013842739137e+00
2.003734281515268945e-01
3.081182078272871050e-01
3.634258085637170205e-02
1.275139722782713814e-01
1.920989584249808146e-01
8.999921347714523456e-02
1.545740764520408921e-02
2.874597683458675335e-02
1.161172556257779459e-01
4.530059520525130112e-02
8.721091896781912878e-03
1.758508449800254281e-02
2.057598229296310754e-01
7.272877431293874040e-02
7.619858834162712702e-02
1.059705935259008941e-01
4.695903151226918371e-02
1.705151833333269987e-02
1.177687777328706026e-01
5.835411228549883950e-02
1.359005279676430977e-01
1.177956812874539072e-01
1.188127117403881272e-01
3.639893685616670677e-02
3.423204490203766992e-02
3.330456482763144432e-01
8.302254532142464005e-03
4.460687630230773804e-02
3.051368947319022321e-02
6.673641874880502645e-01
1.283524046433798249e-01
1.309773416021993153e-01
1.179818685474641055e-01
1.129396616866848030e-01
6.310106723093128478e-02
5.830646391716357013e-02
1.140333589788927564e-02
6.043324047028660051e-02
3.164377479504428270e-01
5.374630606667656352e-01
2.216960536284281677e-02
1.341799022916139728e-01
2.102509636679417426e-01
6.096504980448966965e-02
7.739094637186115511e-02
2.778895843480153061e-02
1.647718797499296284e-01
5.529280799769707710e-02
8.560316147822615018e-02
5.306066888855606178e-01
2.102506599322950809e-02
1.576726486391044346e-01
1.235441306375814792e-02
1.290327242523981177e-01
1.631078751320295117e-01
9.734946969186211718e-02
1.615410609780016660e-01
7.801237354511127153e-02
1.145985288658311722e-02
3.750057662266090275e-01
2.855616992746723426e-02
6.060985050862446877e-02
1.113490634081085034e-01
2.247715801265760260e-01
6.896444557864272844e-03
1.167161273838028396e-01
4.063391118310175076e-02
1.385053365646303491e-01
1.964653039134961754e-01
6.874998625655404094e-01
1.745334839459550536e-01
8.128419985645919665e-02
1.455897458164793871e-02
4.380510782146242177e-02
2.046174235370291361e-01
7.899069266810263001e-02
8.954762754811367020e-02
1.959145615082147629e-01
5.669298092718947357e-01
3.162882717852227854e-02
5.700587016982593819e-02
3.912860243910697422e-01
2.102820628142035644e-02
1.146869047445774892e-01
5.528610947850109980e-02
2.534333496503404781e-01
2.390816949408270664e-01
3.221642517042985071e-02
1.188686852223849733e-01
3.519995050582481327e-02
1.722846260701058618e-01
3.084101901964462211e-01
1.500127177619093588e-01
6.686684922399838138e-02
6.339746443122216968e-02
2.309455914618496475e-01
9.814997412715996405e-02
4.617344397119851201e-02
5.969957660997763510e-02
1.129917616940706721e-01
1.440517094692689570e-01
8.419172728004606365e-02
1.502879999651797749e-01
1.169597647254536632e-01
3.418083841540517365e-01
6.050326807212118296e-02
9.157684019157867616e-02
1.686724357752499015e-01
5.475782045333221770e-01
1.191867587282141316e-01
5.840198363495810452e-02
6.534975632180135829e-02
7.730335445708175733e-03
1.888006074965990766e-02
4.453543750609588459e-02
2.930936689798157788e-02
5.893237693929908455e-02
1.515179441151482675e-01
1.348612696881316131e-01
7.138834978499852824e-02
8.137235882364193817e-02
2.823450878484788373e-01
1.413480699652850392e-01
5.183123544451232606e-02
2.439423346661868941e-01
1.242144980499415130e+00
4.855236913806326021e-02
2.985285904554070835e-01
6.399066650116672084e-02
5.929789174994647832e-02
1.456236719974425275e-01
4.569080212136311658e-02
2.218521922726855333e+00
2.233639645014912634e-01
1.724282776848510557e-01
7.696558899768547735e-02
7.190877245974514054e-02
1.383687919903273944e-01
9.581330291796739951e-02
4.926845438468031857e-02
1.339415404315848490e-01
4.497030262103719478e-01
2.461033367300804464e-01
1.083230086578669191e-02
2.388161725751146713e-01
4.069158645360490545e-02
1.189432655199773176e-01
2.485976425462132697e-02
8.653222409767999390e-02
5.089082157462112427e-02
2.018253992080431269e-01
1.327862842435379928e-02
4.325297399404434140e-01
8.326519054169863043e-01
2.684341196031995655e-02
6.857039219404235941e-02
4.062267371726673015e-02
2.056436872206290900e-01
2.119923401774803304e-02
3.324697693219353933e-01
3.481890450523086877e-01
3.312827674991387916e-02
2.930172435622424021e-01
3.982039391371729187e-02
8.793879200824321341e-02
2.262792975909750162e-02
5.276393768700251563e-01
4.015852115143841994e-02
2.084888692667442311e-01
3.076773346915990387e-02
3.855622203040533214e-02
1.605147483263651489e-02
1.965135383136482894e-01
5.647828493825508833e-02
6.469136901435232345e-02
1.013242491186687813e-02
7.594673241423479000e-03
4.433856015326795991e-02
4.624453644185541612e-02
1.229090142051031259e-01
8.478118712100748966e-02
4.670365875787168414e-02
2.902765404905108815e-01
7.133786977082454128e-02
5.795103017386204342e-02
8.636495738369676101e-02
3.719512212887977204e-02
1.184962210220446149e-01
5.402775828082222453e-01
2.092705483665934230e-01
1.255058077036340716e-02
6.423364324191008223e-03
1.378698340732917305e-01
6.146667900705907878e-02
6.009780498997308908e-03
3.880942139145385217e-02
2.920020754375139346e-02
5.251903043757046863e-01
3.437694252471292650e-02
9.885862523086309805e-02
1.002388138046348132e-01
1.350840672170580403e-01
1.690112010346721261e-01
1.227434206270092698e-01
1.113146643961599597e-02
2.680343295639852075e-01
5.625707629309479457e-02
4.806621782359529055e-02
1.022385316321836220e-02
6.347872825127630347e-02
3.110950686195621540e-01
5.699761991543123019e-02
5.245205646876665261e-03
7.952527770991772715e-02
4.796291070171444099e-02
1.023138829897522473e-01
5.214622425831969693e-02
6.448331649956818845e-01
3.135253077696846802e-01
8.109365959351307052e-02
2.013507169193634941e-02
8.816642378268971236e-02
5.454453882252421892e-02
3.391081835261064437e-01
9.500363301716709119e-02
9.048217785919404621e-02
6.581320107906549199e-02
4.853542063612411445e-02
1.171273419380490788e-01
1.946354650143022613e-01
5.727802669476284719e-02
2.659341428589505688e-02
8.656325720622584652e-02
2.556542008230921481e-01
3.675983304641450983e-02
5.849264751619162594e-02
1.180639494904590636e-01
1.599452606317026404e-01
3.622725017834514949e-01
3.025941516345862642e-02
5.805400102992216982e-02
7.069214476101000344e-02
3.329521352789779898e-02
3.440992768822126457e-02
8.930746370771719400e-02
1.419865239268362500e-01
4.026329131945696055e-02
7.070307544003129330e-02
2.648089073718709052e-01
1.455654040092519419e-01
2.708732685827386355e-02
2.078745894285469881e-02
3.934062582528677354e-02
1.735675591658424333e-01
1.581182571219763924e-02
2.769762411981816289e-02
1.520741275307774427e-02
2.979524299326533621e-01
1.154614824591479599e-01
6.933069632733002141e-02
5.245915807144778675e-01
6.498749110119535211e-02
7.111754363327169037e-02
1.460424891097443154e-02
2.314722997302138402e-02
9.930530997881938104e-02
9.964286047136031166e-02
9.536382449376214557e-03
4.498288376054511428e-02
4.168418292423212504e-03
5.068234673027686155e-01
3.420070915056446781e-01
4.012382353139157254e-02
2.828953406139844140e-01
1.150154964953429421e-02
1.151531949441300551e+00
3.882534205787170900e-01
2.221705664935457181e-01
8.527356988608619792e-02
4.648133679575665311e-02
6.621885008156205843e-02
4.232182498046488384e-02
1.150734210432663024e-01
2.837538424800808284e-02
3.797885006395194663e-01
1.289141673585972592e-01
1.119351713186176323e+00
2.935883947934719851e-02
8.154794528556225108e-02
6.926248219125341610e-02
3.999977409082115798e-02
2.920309040938251499e-02
2.148776787172110639e-02
1.700392938994233771e-01
3.749095668674292670e-01
2.909469238494170884e-02
1.091146162222975460e-02
1.354400929173463913e-02
1.835853473426193871e-01
3.941022581142615555e-02
1.179454703488759248e-01
3.481093459907600440e-01
1.578234975672889451e-01
3.638257969713586393e-01
2.399835019348613499e-02
3.910833549088229000e-01
6.183931673108886695e-01
5.882708215122866083e-03
1.181121430053581056e-01
6.118619284274467995e-01
2.878756928508943713e-02
6.121323859027787834e-02
2.700226553380856154e-01
1.973228877086979083e-01
6.804826246486048516e-03
2.599259502427220814e-01
4.019564684420336848e-02
2.579969772593773691e-01
1.955051269639669631e-01
1.633169849256793094e-01
4.602793209164545707e-01
2.336488723156356917e-01
7.145186490548435798e-02
2.146919864509288234e-01
8.400257464964271115e-02
9.329011683016671941e-02
8.118271996539076774e-02
3.150945678047340631e-02
1.910546744578787287e-02
6.496968960854761221e-02
2.833724044391768282e-01
5.840720808320857271e-01
4.238256100435126156e-02
2.603265506433001808e-01
1.445634611965485039e-01
4.347059048772698026e-02
4.407141493529510012e-01
2.089254961561106405e-01
6.785986032409664637e-02
1.117827586844893362e-01
2.524911130979628701e-02
5.656562361515835580e-01
3.292588852444949810e-01
6.175583554990921736e-02
1.443616735226270209e-01
1.261864739285095127e-01
1.286707032353495705e-01
3.181717014874947402e-01
6.160159537237676342e-02
3.775382250239623511e-02
5.611904105445031377e-01
1.026616334305452405e-01
2.928461411764992500e-02
5.700963474934747643e-02
2.418270406099934655e-01
2.852884100050435967e-02
1.019290662246867679e-01
6.624428368504384212e-02
3.952819592604267518e-02
6.033567330462390882e-02
6.443094758392149679e-02
3.062237287735680158e-01
6.562001224079865025e-02
1.066125897642606762e-01
1.773611778702869346e-01
1.023832740115293294e-01
2.636248462911761070e-01
7.867999639032328962e-02
5.863704170356955937e-03
8.302001787722671639e-03
4.914310188476016944e-02
6.561176536703312856e-02
3.771920883070588315e-02
3.217962305540583018e-02
6.146552955054145062e-02
2.006681831587960041e-01
1.452606585931741912e-01
6.553940322146497577e-01
4.099918521217061351e-01
2.766232010598181773e-02
2.522289028549505249e-02
9.286395672135297485e-02
4.163286271050200410e-02
2.274584886956083213e-02
6.454664543463288495e-02
4.439651593667008622e-02
4.960366341825906550e-02
2.235434545345199933e-02
1.726565556192915241e-01
1.704031104620990777e-01
3.473976115575413970e-01
5.776205345720412249e-02
2.757494490875160575e-02
1.972911659144092056e-01
1.372723804414593518e+00
3.781073922286491973e-01
7.923525075662675443e-02
1.158229822452269547e-01
2.967948213690634884e-01
1.114040052289487992e+00
1.363213117304406530e-01
3.504188602802783131e-02
1.821803313701362004e-01
1.933670978473649507e-02
1.573985642386169781e-01
4.022665758375180978e-02
1.229429973257084724e-01
1.016755524337900618e-02
1.195498009240020081e-02
4.312691178015971155e-02
2.116420357775117278e-02
1.578101489011424496e-01
6.900279763926481236e-02
6.834220851961347876e-02
3.566313502184178530e-01
1.670997680159613764e-03
4.036377918868350179e-02
3.776563209644451247e-01
2.045529207072170619e-02
4.538131912619929043e-02
9.108885777581186838e-02
4.696144859933909510e-02
1.343439563694826810e-01
1.105774841242837953e-01
1.035922053765427620e-01
1.079259209646864504e-01
1.361355599697303964e-01
1.543965820652772741e-02
3.372266786577889919e-01
1.843724510219319282e-02
1.856775189935770676e-01
7.396698797071171727e-02
6.118732292625162633e-02
6.710775667733774597e-02
5.403517722499116133e-02
3.404770966681330141e-02
3.938722390166915499e-02
4.364336994852534291e-02
6.870076583801357217e-02
1.107299729139637166e-02
2.257598445882902649e-01
3.683096224832041465e-02
3.110959314202724202e-02
1.361470185071070142e-02
5.331569540084202252e-02
1.888461555975256001e-01
5.696807299501924909e-02
1.738847509898948929e-01
5.541421126291303303e-03
1.038669949155745509e-01
6.580465556800761673e-02
9.454209853206231584e-02
1.768097787627975759e-01
1.485975092641604774e-02
1.934118163491128570e-02
4.537158592382312117e-02
6.747228701867211687e-01
7.063442768262273748e-03
1.815310144140208914e-01
3.175198891672684209e-02
1.276798919679987543e-01
3.188748030627529956e-02
6.096427361491313368e-02
5.024795860519120083e-01
6.870290156644041912e-02
3.298530938279958802e-02
1.670149051452828395e-02
6.783363734298254732e-02
5.094045327139731100e-02
7.804038900805043699e-02
2.888249331887802751e-01
5.936278892848924349e-02
3.774404364114338772e-01
9.924532567321106558e-02
5.951717383187897503e-02
1.612577105505632116e-02
7.114934306148346099e-02
2.462868868843354556e-02
7.654729478963405442e-02
7.069862579332869545e-02
1.837635833287833975e-01
1.303307280804450949e-02
7.883012857093174564e-02
2.794907133451612902e-01
2.168951437260156212e-01
1.350294594206124243e-01
2.613235596950349571e-01
4.151074458490571634e-02
2.235530975145678945e-01
1.732060915640596110e-01
1.519721713386501249e-01
3.725129879838200847e-02
1.757796029798121967e-02
4.332706264559693134e-03
2.317380838696416270e-02
2.709034094603732928e-02
6.487692727499750900e-01
5.407722194055795961e-02
2.942037079617635872e-02
3.528342710126526338e-01
2.067580206533818077e-01
3.735601839867954133e-01
4.456645012026490549e-01
2.662284082321539347e-01
5.518554576428374298e-02
2.360967515629276425e-01
8.604061745416638485e-02
6.741839586074179769e-01
2.357333103293213564e-02
1.809983638152947438e-01
1.818366852972618658e-02
2.981040179135246992e-01
8.387444147751199619e-02
3.593006244978901031e-02
4.072822259190794214e-01
5.981447032609006620e-02
2.127778744115397733e-02
6.924268925955416598e-02
4.784000890102692999e-02
1.154442240127323965e-01
1.212180104111241774e-01
1.629793977603216995e-02
4.206011246261404102e-01
6.674806971811753087e-02
1.293018955049224650e-01
1.901277694983284083e-01
8.252761916969524048e-02
2.675210128173330926e-01
1.991767735031845232e-01
4.281118852655860924e-02
4.631159078427878745e-02
5.783835471035292386e-02
1.725708174271386661e-02
4.274878767540786495e-02
2.658019727918437547e-01
4.770979751929790152e-02
1.127244149372218056e-02
1.512490572502423435e-02
4.197493779353801691e-02
2.816595716045745997e-03
1.237492215290714181e-02
1.549110400532290599e-01
1.792231429943435747e-02
1.014272087740443473e-02
2.433212171379594072e-02
3.138305991714995247e-01
5.512686501238021897e-02
3.568874225995126159e-01
1.339093027204895162e-02
2.596913576889644387e-02
1.311586571455451364e-02
7.648503955577187763e-02
5.020329317050817482e-03
1.535061784005069818e-01
2.526546948532867529e-02
1.762605734627916698e-01
1.435747438019237543e-01
2.246139281261302079e-01
8.083334699313711458e-02
1.552401378676205035e-01
1.993865293308025310e-02
2.413606695544251099e-02
2.052788925981768875e-02
4.223140308046773872e-01
6.741942514802549968e-02
5.978621772673015089e-02
1.198167310711712868e-01
1.400293857251942026e-02
2.167356211308729963e-01
4.190974234854861341e-03
4.668196457137623323e-01
6.409657232877116750e-02
8.541047970721435401e-02
1.595739433314312394e-01
7.752726176480893849e-02
1.684071720407340211e-02
3.394985305589107161e-01
1.466204105985313699e-01
4.854279543423425936e-02
6.495917972568188148e-02
1.814090450008607469e-01
4.208800297128401091e-02
3.353388170558278120e-02
7.664227603372901487e-02
1.107440239497995554e-02
7.828415279373168723e-02
4.217123115942972983e-02
7.323760576681201395e-02
1.220257291815926397e-02
2.597471682467203391e-02
1.024432654698833184e-01
1.481746291727417952e-01
3.704321947055089215e-02
1.861770231569365719e-01
1.123039866887585170e-01
6.441509085920292532e-02
9.929735695971915466e-02
9.709014551009648164e-02
2.655493746100783814e-01
7.680396062263983303e-01
1.390918944751412811e-01
4.596075129678656168e-02
2.134674022043609939e-02
5.791766720933880577e-03
4.657256987613760113e-02
2.786785415505096397e-01
2.301438516422482650e-02
1.807480131385261479e-01
2.207201077980619833e-02
1.264795422740649933e-01
1.831118744155994182e+00
4.093719260597394327e-01
9.865886259831441185e-02
1.031475345470505151e-01
4.362298424227290666e-02
9.480192435248213645e-02
3.386737525346900091e-02
8.771897797161982979e-02
2.949216834402708723e-02
3.659884915339044198e-02
1.008539845267387575e-01
3.346677445116118949e-02
1.058365399651937100e-01
1.716674978872633969e-02
7.514375918466109638e-01
5.490142623799993543e-02
1.467108885693463316e-01
4.362191077322789823e-02
5.748719840427211902e-02
1.195659291428576888e-02
3.626268232686598314e-02
4.545190639218973927e-02
1.417508047871647303e-01
1.680894219681896423e-02
5.209356231794137759e-02
1.214145636814949365e-02
2.224472454177831536e-03
8.523356947729521238e-02
6.091126985273565692e-02
1.507870838432385230e-01
1.302512181202059027e+00
4.679711523504698906e-02
1.001192682542107582e+00
3.013048524724490709e-02
4.030315315643130669e-02
6.802585403010404930e-01
1.031903168360781831e-01
7.907965512981655898e-02
2.384401873286833354e-02
4.038981997064145651e-02
3.740304303550231330e-02
3.742371195390600813e-01
8.550081818639855558e-02
4.443572708928744674e-02
3.988512658998252802e-01
5.787788900754410604e-02
2.294363930660926199e-01
5.060238844999882107e-02
1.947649421735707098e-01
1.528544883424530834e-02
2.249722947108864432e-02
4.529740137332647493e-02
6.790426380910954962e-02
1.377052692505242593e-01
2.671397616411880227e-01
2.044864752533150920e-01
2.263285708574297103e-02
9.427918707893383210e-02
8.810358823382553883e-02
5.680853798947164100e-03
1.824462571266012023e-01
5.173849895496533680e-02
2.197766964113119226e-01
4.490061347810567205e-01
4.362706196304017708e-02
3.936190165960734566e-02
1.004037347843094452e-01
9.504050085841150852e-02
3.916321917092180360e-01
1.143826952818104703e-01
2.501501018434430512e-01
1.415632542321662246e+00
3.449260286729374791e-02
3.405749728071992832e-01
1.891006605087334341e-02
5.656574177377609036e-01
1.083312269641367592e-01
2.085079799344569107e-02
7.786945224996755233e-01
3.905485825062822713e-01
2.003816197171382971e-02
3.602665035382542763e-02
4.254916707736045023e-02
2.788326243878214150e-02
3.526499100122436059e-01
2.314756521702903205e-02
1.746175891525264257e-01
2.435591924675534425e+00
3.277968815774829903e-01
4.597278927824316463e-01
2.090280824407338423e-01
4.922323718574436041e-02
4.603184086580003331e-02
1.322101678463180052e-01
2.122338366153697642e-01
1.012472689693517773e-02
3.847126319435296704e-01
7.528864554697851930e-02
3.994772874412148324e-03
1.282261755709292739e-01
4.000000000000000000e+00
2.253346447970182576e-01
2.296912545225703040e-02
1.133215638972775996e-01
1.016899583744948155e+00
1.279775397603098719e-01
9.127676939264868505e-02
2.305561017633888515e-02
6.113363417496644470e-01
4.368020843468285903e-03
1.201391954715001903e-01
8.464358888604571474e-02
3.491895219414482138e-02
5.172394511948477103e-01
2.570032120315523388e-02
2.859412811226091575e-02
2.703215086624111141e-01
5.298885759522652811e-02
3.213951972752913250e-02
2.330208772574353659e-01
1.410195001466226991e-02
5.891329187272046491e-02
3.466288146762670774e-02
3.299514323132111682e-01
1.835178182287478255e-01
3.854234986121233275e-01
2.679826290635604624e-01
2.724127094385086489e-01
1.891558081135705782e-01
3.791618811443628889e-01
9.632385193818390756e-02
2.581052656763461739e-01
2.264407654130835834e-01
5.573760270460702548e-01
1.618420722961424474e-01
5.917591367156083831e-02
4.436747491974317170e-01
7.954324230005019314e-02
9.793688957300221432e-02
1.572352346487896346e+00
4.338330029762628437e-02
2.825619440169569591e-02
2.144798852178675386e-02
7.018208470864472082e-01
7.473631652387025155e-03
2.326367223103193230e-02
5.615772443965676153e-02
1.472425933531319557e-02
4.535158952498318241e-01
9.100296363260951260e-02
7.614200623882703967e-02
1.641988457560450421e+00
2.440806041440459206e-01
3.618589760485211859e-01
3.801314264940391929e-01
2.027111165272603155e-01
6.294104646757224530e-02
9.204040884525664656e-02
4.776542765944709334e-02
3.207104977505269988e-02
3.150797937144343974e-01
3.598320268502824826e-02
7.256036264865119156e-02
1.394647546209512590e-01
4.732426594872373160e-01
1.460285810622723168e-01
1.919414541147852760e-01
1.530853446779982877e-02
6.727785556787753071e-03
2.614230806525753674e-03
9.312682119607083864e-02
1.081087529006903164e-01
7.372202801856853061e-02
7.374650108574801015e-03
2.529574852711293648e-02
3.477318248706360304e-01
1.058678173944566960e-02
2.682910162733178061e-01
1.173445907608465927e-01
1.750146615176320641e-02
5.518195598120005929e-01
3.198666473047112047e-01
3.033367343994657350e-01
3.528885559198637889e-01
1.184989532719150362e-01
1.420094860084914201e-01
2.440226340818059392e-02
3.823358291505257051e-02
3.210048480849069658e-02
5.767350317865758969e-02
9.138985905356847295e-02
6.141200122747614287e-01
2.616215943408766176e-01
3.076727827029311912e-01
8.076136780009882110e-02
2.831045104531894063e-01
4.768610984253825874e-02
5.013367690493689133e-02
2.906728182067696564e-01
3.523722213276304083e-01
1.687496324427688599e-01
2.442053972834604472e-02
2.509640106551404293e-02
4.787973379021742866e-03
6.743641248631640495e-02
9.984090119776314887e-02
4.151503332579752903e-01
9.646353377712796329e-02
2.167743064873544484e-02
6.836686848962524321e-01
1.144459976014495506e-01
1.776791317136032153e-02
3.801161732080047817e-01
3.574410025599984719e-02
1.739469168756379303e-01
2.557364622826136663e-02
1.211740133018492233e-01
1.979108918434099168e-02
1.715257139122341457e-01
1.153052289441743733e-01
4.886632518780654327e-02
2.952850984124171310e-02
1.475913121798662353e-01
1.980023776152844417e-01
6.868196600639611127e-01
9.469438929353957146e-02
5.768755056139745346e-02
1.347769588010997999e-01
2.919187250457308536e-02
1.321200891922242604e-01
3.071945130430224491e-02
3.823684780782327791e-02
3.185779352939851084e-03
5.840867156360151496e-02
5.713559079339104035e-02
9.766675578786475354e-02
2.061110799004721716e-01
1.932251190974604987e-02
2.112772958419090533e-02
1.106189523785157808e-01
1.004247211976726055e-02
2.108056949683553838e-01
1.028534585388382883e-01
3.625756989105517747e-02
1.494945563784442766e-01
4.701281997839758253e-02
1.667838579271128246e-02
4.430722591992401066e-02
2.424752244310103902e-03
2.083786230624191937e-02
7.383697730326810316e-01
4.945062955149480410e-02
1.157978150362407310e-01
1.225950104419650938e-01
3.584294628772311669e-02
2.092362006873210722e-02
4.031962256232334008e-02
1.870526924670538049e-01
1.686926382049292183e-01
8.292074389840288495e-02
4.180038191106783541e-01
1.550004698351692967e-01
1.120680791775995333e-01
1.122716414065545593e-01
7.403910681292258378e-02
1.521351585450946182e-02
5.163500157417120207e-01
1.100867889338105338e-01
1.053036410768979220e-01
6.757559221850398257e-02
1.239985895281743300e-01
4.650627062866062311e-01
7.908839451770063311e-01
9.584041166951573487e-02
5.375619174392493038e-01
3.840061755809190402e-02
3.487364259926365451e-01
4.495172639159281808e-02
3.806353994085655557e-01
1.639049572329442928e-02
2.704395365998470482e-02
1.832480671116843152e-01
4.074182700137777419e-02
4.644185923596153009e-02
1.603202214341327425e-02
3.855068281894375587e-03
6.642780082765288308e-01
1.052101117067212599e-01
2.813824375431835459e-02
3.124420898177339423e-02
1.305013849067756804e-01
4.080248860556577595e-02
2.023363150777067743e-01
1.093192110160705055e-01
4.620988251698943117e-02
1.355992081567085172e+00
6.194949159279374701e-02
2.280757094636362281e-01
2.218924556392578296e-01
6.661068127525809901e-02
4.648525786793859110e-02
1.318094706915449721e-01
4.322429111300768456e-02
9.327158328421698841e-02
1.519485250030035151e-01
1.254039085156880562e-01
5.447579619423992270e-02
2.271905552186906652e-01
1.986895053544391221e+00
5.777200635742345269e-02
8.911996068984008590e-02
6.519257388975213674e-01
1.833479893764700108e-01
1.690778118240774536e-02
5.718607088460568588e-02
1.558064836955221598e-02
6.951078935632510891e-01
6.547534092516171800e-02
3.506492369230909678e-01
1.113297039082709189e-01
3.612693010845867414e-02
6.107290692589070202e-01
1.965060252355012582e-01
1.423602304486758952e+00
1.703325026194066893e-01
4.190173070066078309e-01
1.574703018343529271e-01
1.079786349663634376e-01
1.378576749145582758e-01
2.070211050237485417e-01
1.008168974617795532e+00
2.971789192612871514e-02
1.053653910144627809e-01
6.439773765826017904e-02
6.327043767609564530e-03
1.079803329745931267e-01
6.046882498237333287e-02
1.061433952526017049e-01
3.189522670879680888e-01
1.059387431227851312e-01
2.748297214545173187e-02
1.225244015847682805e-01
1.628099425231401554e-01
4.404696117227519664e-02
1.474698790712022367e-01
1.963429318805097815e-02
4.216243502156116763e-02
2.605203612307413832e-02
8.768119990543149500e-02
1.380438109002108393e-01
8.738681357969348140e-02
8.453467013608263747e-02
6.106822498877327587e-02
4.272085709899637457e-02
9.360280115738355000e-02
2.031822249630380051e-01
2.275464078108379307e-01
4.132381872000218115e-02
1.499336647822407109e-01
2.611810407572839887e-02
1.336424032690138042e-01
1.282510094286553326e-01
1.794548587483983104e-01
4.423488722435361259e-02
1.050434511626675144e-01
9.088982581174023800e-02
2.877420779597687425e-02
1.563261515157672588e-02
1.529204103222229216e-01
2.849245652436045370e-02
1.058550142342805089e-01
3.566011491394899813e-01
1.154572370700264333e-01
8.719923818013330941e-01
1.017908172620115570e-01
6.114984428101784969e-02
3.434716632930678165e-02
8.221443270211985233e-02
2.497077145186893943e-01
1.829892124863852221e-02
8.965053765125439167e-01
6.069318437415834877e-01
2.439541733086852873e-03
5.681798212843306578e-02
1.703363519564927431e-01
6.694886762727339513e-02
1.951828430570121294e-03
9.690186681512297229e-02
1.949965448378885094e-02
1.488715089195829025e-02
1.454571636342388286e-01
8.537101633618483787e-02
8.658488996958971229e-02
4.899964717217691890e-02
4.266436504544125763e-02
9.962615417645342974e-02
1.887312243852892410e-02
2.014605290527227144e-01
3.580611653529320974e-03
3.726302713865525112e-02
1.195826568031114860e-02
5.877264644064637833e-02
7.039845501412908546e-02
4.541399978460229636e-02
1.103506852897706211e-02
4.283097703312542526e-02
2.980698395126780698e-01
6.567057114768490994e-03
6.070506797779643554e-02
1.848241529835654984e-01
3.401408219142479927e-01
2.334134833342896564e-01
5.154746101788942186e-02
5.729766266649341522e-02
1.174871725503133513e-01
2.020950663031570727e-01
1.159232613081288416e-01
2.158639780399688457e-01
1.199487042044279500e-01
6.749288864865559123e-01
1.931950755974309528e-02
5.459398212564168379e-02
2.269724615772528709e-01
5.069473369732161450e-01
7.180977616086742232e-01
2.747512005939372060e-01
4.795886048279941749e-02
1.678665327441639446e-02
2.294097202042051642e-02
5.097000048841350550e-02
2.394843965027647001e-02
2.490262264543043613e-01
1.635528791898313572e-01
1.104071767744788657e+00
4.853145252027826761e-02
1.871756622322336139e-02
8.325341357381236262e-01
1.047081191686692475e-01
2.951564277622024252e-02
4.602237147085655629e-03
3.381776881969684317e-02
5.877093409015061304e-02
3.413513521769507286e-01
3.648007941064292381e-01
8.267345952011458110e-03
1.192292042282737524e-01
6.752759577878443276e-01
3.395224932868246004e-02
3.850451802686312153e-01
3.876649964825920613e-02
1.671382329553395760e-02
5.564643372796181792e-02
3.604117622329760517e-01
1.208128213710805976e-02
3.571587222526389355e-02
3.413182827828424859e-01
1.395525700362432696e-02
2.535253512312334312e-01
1.007382186384650075e-01
1.514236096457024228e-01
7.195762077602574358e-02
7.011463887481922397e-02
3.310906476238944518e-01
2.825679372411019422e-02
1.169879041980754486e-01
1.224072726341831480e-02
1.348714649801712850e+00
7.408065686769643721e-02
3.938772811166547927e-02
5.237042976465476618e-02
2.554726954164365238e-01
1.254606157881254236e-01
3.955868204748887174e-02
9.663769273909846858e-01
8.948083584915354771e-02
5.369286164470820494e-02
9.781422606897877126e-02
1.073053542429202589e-01
2.297266693024591078e-02
1.374717063599542044e-01
3.287887240754203827e-02
5.885080000197166761e-02
4.273385219075417907e-01
2.185751385848442793e-02
3.430518441118799583e-02
5.274622021764464180e-02
3.176487128542750810e-02
1.686244390789388703e-01
1.854060167636504497e+00
8.168138023255083757e-02
1.260593887502694521e-01
1.906845649819658983e-01
1.279792752778420584e-01
1.096873970341444959e+00
3.860070724700830763e-02
9.457671185254604151e-03
1.663080329976491384e-02
3.975328763527771758e-01
3.212675627709696280e-02
4.993866016064129471e-02
1.371263747906835938e-02
2.375391859912351356e-01
1.105316998497916786e-01
3.892620938567200595e-01
6.967862457555891176e-01
1.823147889758982010e-01
3.546931959617748154e-02
1.047469867915495727e-02
8.507947525270133371e-02
3.016253638973250689e-02
2.597837779817917525e-01
1.304960580753453669e+00
3.213469877182158901e-02
1.475826228586445688e-01
3.758433539061955403e-02
1.105361436650024592e-01
3.725571237361918198e-01
1.393061710086014246e-02
1.087942280522888883e+00
5.518579259814515581e-02
3.054556875441378702e-02
3.765146693968801639e-02
6.417837619216210099e-01
1.002709937141178786e-01
1.943516531614954135e-01
4.924717137613426193e-02
1.814883443570438626e-01
5.014900151638693182e-02
6.532968785512158760e-01
7.379283414375287231e-02
4.164865835717772302e-02
7.306076443256977193e-02
9.645531200644974490e-02
5.878774355941214225e-01
2.806114356708826543e-02
4.805805870115691970e-03
2.312044993869344922e-01
1.641457044146841682e+00
1.516727716523640253e-02
2.495638860634222592e-02
1.013819811645992192e-01
8.747709670246595071e-02
2.285009366720043844e-01
7.760262147649800435e-02
2.450069135925684455e-02
2.118258963984765986e-01
1.735486170321219879e-01
1.821262881900296560e-01
3.813181869014821701e-01
4.230740895577468283e-03
8.669011709631074813e-01
5.864618383942121760e-02
1.062424833883633124e-01
1.047430671090994123e-02
5.864040172828623859e-02
1.556849255582271330e-01
9.884479486794159331e-02
7.853185994091471667e-01
2.613655727589973485e-02
8.935967929013328981e-02
3.441525829914671847e-02
1.550364949616832022e-01
5.139290128583980100e-02
5.401885423646723278e-02
9.786347735111448898e-02
1.115144479747782330e-01
5.483882010016456476e-01
3.363857042039749556e-01
7.178611305511788387e-01
6.007006216064938314e-02
1.816272525942661253e-01
6.201565146467791223e-02
2.404458221098265402e-01
6.266960753395757200e-01
2.301966347711847660e-01
2.173409756708895042e-03
1.241192236851799829e-01
1.740241553925268858e-01
4.420147506805888193e-02
5.784423763992207340e-02
2.354782736758304074e-02
1.337539122598210284e-01
6.328953971198000850e-02
2.005342810604719000e-02
2.677121937837078636e-01
1.329939864182129172e-01
3.691881459702019419e-01
1.929810503081641759e-01
1.461658723088164469e-01
3.873381754292450074e-02
1.169499596418739074e-01
2.675374460690984613e-01
7.656596935615836430e-02
5.993395435691519640e-02
4.135127309137366647e-02
1.187279651734658159e-01
1.295073780097872607e-01
9.923534637785584589e-02
3.216714134322608883e-03
1.491328222171156126e+00
2.611181318412320040e-01
1.983455890313096104e-02
3.789896451892709600e-02
2.888459430584507798e-02
2.021331434046889364e-01
2.939715887635561131e-01
9.283366140727838944e-01
1.615608260182510580e-02
3.968985006700365137e-02
1.692649672983276843e-01
2.134712362384047768e-01
3.610607605769178274e-02
2.520615256614005054e-02
5.190506036292174413e-02
9.821108618542158386e-02
7.885791165145751569e-02
6.442009828239328439e-02
5.272754009355774124e-03
5.049305779564170621e-02
4.417278171667886333e-02
3.884151788794078242e-02
2.217850375235099480e-01
7.281947949115606944e-01
1.864421658023901474e-01
3.000378935035681871e-01
4.155638744040836274e-02
3.811010615871632257e-01
4.791358518644664444e-01
1.320463544100094699e+00
6.298394585066170726e-02
2.371193439185424745e-01
1.077570758242269028e-01
1.974817988406019076e-01
9.263484857303977416e-02
1.599957953291005763e-01
4.690151104639650459e-02
2.388333322615730503e-01
9.369663902235919606e-02
1.868793152782909639e-01
1.161181011523195750e-01
2.743542108073191918e-02
1.413418787880350580e-01
1.829416729726523680e-02
4.478260850839973356e-02
4.638662221790062351e-02
1.329625216091975537e-01
5.175861961048356698e-03
1.271066268763590412e-01
2.629014158176796664e-02
2.868454765910356113e-02
2.275771475808840150e-01
1.005344887646050511e-01
4.397984091388484201e-02
5.730071916422973394e-02
1.274214517696558614e-02
1.251925362500243277e-01
1.802327000837787851e-01
3.455803435850556687e-02
1.899795218615387901e-02
1.414895552829275316e-01
2.460185248556261417e-01
5.566363083714544885e-02
1.694856457062539346e-02
5.493062381682508460e-03
1.295652959698808115e-01
1.363547340963344179e-01
3.086933785195214441e-01
1.313499320964690575e-01
5.551468769649625656e-01
1.238955158730725703e-01
4.292658118707693565e-02
2.089435346947690619e-01
1.758803238288901005e-01
4.374083301001013835e-01
3.053911862800764987e-02
1.122897578687877540e-01
1.035881456628470754e-02
1.212788724045577304e-01
1.073326944283267276e-01
5.334216945330542275e-02
6.135457681831015669e-02
5.678372064775214639e-02
3.905324423568902470e-02
9.581395978025906979e-02
8.102329197409639111e-03
1.222206798151847899e-02
1.741225625886739792e-01
4.401145806819836692e-02
7.054969014982745978e-01
1.840737442818669856e-01
7.471613062527026304e-03
1.964836880208234715e-01
1.665440878810559577e-01
2.476355904649036113e-02
6.054620074802169460e-02
1.674223970103021208e-01
1.473173807691696979e-01
9.768550164012652914e-02
1.233587270962141491e-02
6.372172010272396381e-02
2.292740406614941773e-01
4.090457483389930982e-03
1.026058984183748413e+00
9.774544520554653837e-02
1.933582503533670116e-01
3.841361152260173162e-01
3.057886692894182246e-01
2.940816260047647845e-01
3.658633991436210930e-02
3.169065291960908026e-01
2.167424259143486687e-01
4.587618213688714891e-02
5.201932573754905476e-02
2.482307459052438825e-01
1.287298394328601214e-01
1.051730454183960779e-02
1.707173346816565074e-01
1.235458309871166269e-02
3.428401496147673311e-02
2.006724119423430042e-01
2.741063485215853787e-02
2.064252025677436875e-01
1.623865912820718349e-01
1.189783931013060382e-02
4.874442491970602809e-02
4.513808268018872083e-02
7.492483488519287027e-01
6.627397208999875888e-02
3.138911003761983565e-02
5.876909594416762639e-01
5.076578175536952675e-02
8.181455022387025544e-02
8.857421777051942280e-02
5.819494188395329254e-02
7.138117322688537769e-02
3.547649431458890223e-01
9.264626593689198053e-01
1.660611018096228853e-01
2.046495244113216358e-02
8.090353883821989334e-02
5.665490912600094076e-01
2.462908453222107108e-01
2.406605600035118669e-02
1.528084523007276485e-01
1.971344732531112379e-02
4.369670047804524171e-01
1.146462007928165938e-01
6.911458350668849004e-02
9.599045950884362022e-02
7.551791516360803480e-03
2.501074120901528031e-02
1.673388183371136428e-01
7.322028057004560386e-01
1.053581128324623528e-01
1.230173062587352623e-01
9.475125942707088300e-02
1.621104486278797732e-02
8.846130755929820788e-01
6.291769145171403899e-02
2.980808091121225217e-02
5.539910988043662554e-01
4.745384311006756867e-03
6.032466962691253320e-03
3.857260783101274654e-02
2.969039003015407421e-02
7.734338678728813754e-02
4.348016531208072355e-02
3.460090783697146732e-01
8.147254126389041895e-01
1.678221360630978987e-01
1.351814297597802444e-02
1.372919174608017157e-01
2.586686405690423185e-01
9.657135769184226060e-02
2.496390851089147489e-02
1.272357810714140960e-02
1.321918952747362999e-02
6.604313232440649495e-01
2.961412670735820082e-02
3.151243565085731779e-01
7.867757908008133488e-03
6.769081714633777558e-02
1.164207064507704059e-01
4.919895654428683290e-02
2.794847191032193492e-02
1.541163256928352321e-01
1.814953987891873566e-01
1.554313506793350563e-01
6.006576462382466897e-01
2.961179432248046625e-02
5.395591217985089977e-02
4.661185640136417119e-01
1.939926986612930393e-02
2.086895705015266445e-01
1.785447532495485490e-01
4.362223415220282674e-01
1.839169174625722436e-01
2.378013902500508356e-02
7.088318345276929389e-01
1.071262827935222026e-02
8.699125474524638246e-02
4.394121424189095272e-03
3.779273957877243156e-02
7.059265755006527421e-02
3.584803471598688174e-02
2.093389500283728694e-02
5.407532762356546258e-02
1.492196982639683034e-01
5.822872047374681205e-03
1.448234318143390431e-01
3.651233869206588767e-01
2.774504537648932179e-02
1.263556866961577929e-02
9.239305531421917461e-01
3.097548268979981312e-02
3.165802676784872927e-01
1.319857021418424370e-01
2.381255345106729742e-03
1.245947504847938203e-01
2.892182777232182866e-01
3.630769960357071446e-01
6.961870081255806808e-02
1.267002361439895086e-01
3.608240427868281835e-02
8.249827719062095832e-02
4.156272670359176247e-02
1.521941979596219130e-01
9.850379146330932867e-02
4.080941943472447819e-02
8.767703407018457851e-01
6.158582345339673469e-02
1.202050993989952216e-01
3.754998207882226380e-01
5.094676760201852922e-02
7.385979309095025425e-02
9.606275385591389604e-02
2.807111489168706564e-01
1.209664414563161802e-02
1.436133813554416050e-01
9.043339267457529973e-02
1.838143555956034403e-02
1.365375567633384246e-01
1.654079745841997018e-01
4.616005262585836516e-02
3.177256146660113051e-02
1.756793768816509449e-01
3.601518577275096278e-01
4.155737980635260814e-02
3.367628556566807946e-03
9.283750805594905009e-02
6.271808662951719460e-02
3.840838415181503651e-02
1.031780272656090264e-02
1.629829374257445174e-02
1.208273220167601913e-01
4.300255659192699087e-02
4.481316035023691358e-02
1.144611329330892241e-01
1.785287910427022645e-02
2.528823561973123774e-02
1.049504732284620157e-01
1.411567207502308595e-02
4.404118372550085841e-02
2.253777550436847008e-02
1.711615693668335769e-01
6.217667313974223862e-03
3.422425048560299304e-02
2.360141832347458224e-01
4.976475602097640144e-02
6.184572640025737256e-02
4.457352957951693506e-01
6.433818513609034645e-03
1.562632536931887195e-01
1.619644353564447109e-02
5.751246763589334954e-02
2.250174260199762008e-02
1.326194569542137602e-01
7.954822316398450777e-02
2.398453069761133719e-02
2.182694678187504234e-01
7.827331344118662604e-02
1.011073760572651914e-01
6.872201514299612901e-01
2.091348791653806216e-02
8.757603693095385167e-02
2.419849303175103938e-01
1.038190799470665032e-01
1.305769924161519491e-01
2.266738348391743318e-02
7.330785411636589477e-02
6.471158039385392635e-02
1.695668700792391514e-01
1.926570455560636941e-01
5.259592081476149178e-02
4.989363001308314005e-02
8.458650742925562238e-02
1.698179191231455887e-01
1.135549873382966368e-01
1.252507642980599523e-01
3.309057644682768771e-03
4.017158514699143423e-01
5.349880329992905137e-02
4.345603345250805688e-02
2.643260533343775864e-01
5.574207854519046546e-01
3.485469391222318497e-02
4.475078152981862983e-02
9.179013459524917873e-02
9.861964579709556755e-01
1.049053407046041664e-01
9.268559666407812092e-02
3.960324589514301052e-02
3.441347605011957356e-01
7.994845660575347623e-02
1.109060229946659676e-01
2.354319285142934468e-02
1.915383178625176819e-02
4.728009150107834180e-03
2.950968546983413487e-01
1.170124886538136122e-02
1.577772018087552491e-02
7.315517663979011209e-02
1.627044474389950993e-02
8.685220209503563549e-02
8.166919218745681552e-02
3.503847723808490439e-02
1.039966615210620865e-01
5.053637583635630648e-01
7.226531128829694062e-02
1.015802039778175292e-01
1.596591330646334947e-02
1.236404162547199426e-01
3.868154990802823157e-02
1.439834728225901916e-01
1.289019270815737750e-01
6.975782697623654494e-02
1.485108831088869097e-01
1.247992929148429991e-01
3.720324232395813557e-01
4.322655674088184963e-01
4.109852447940920972e-01
9.490350600290853311e-02
8.629004454993985385e-02
2.313771446453503633e-01
1.352996915008312095e-01
3.757154391854125586e-01
3.803874348072091571e-01
9.159453416152885108e-02
4.158234301381940473e-02
8.562412220411558250e-02
2.735604630904842072e-01
1.297065848449639736e-01
6.243646574725100068e-02
2.777620636490450989e-01
1.019727313276100750e-01
2.604118327877759723e-02
8.907874264247099549e-02
2.339141278344757380e-01
8.667010624174709132e-02
4.023651126491807895e-01
3.960635831904457671e-01
1.002855806021709512e-01
3.581124036631625623e-02
4.616035523187699691e-02
1.283883841650033664e-01
3.908029140783240152e-01
1.206170833958773586e-01
3.428617914573627024e-03
5.704713439914979589e-02
8.656508746394335485e-03
1.295178365532992093e-01
2.319176805092396099e-02
5.844476708034114232e-01
1.308327090314863328e-02
1.289175461379579446e-01
2.151608815202623107e-02
4.271918362890145433e-03
8.951702783796219864e-02
3.149772889315227697e-02
5.105776629793153804e-02
5.695087681864566959e-02
7.810512234807921728e-03
1.518003873572666973e-01
6.797158166413695690e-02
5.123080635665689699e-03
3.857363278589056033e-01
4.326181383210553899e-01
2.739397478743982144e-03
1.512308303885523952e-01
1.121900173565677089e-01
2.654887911156054645e-02
7.594194914563874577e-02
3.689337496589821797e-01
9.296969097744835209e-02
1.249227489583226852e-01
8.266293312965918016e-02
1.405771018036059902e-02
2.020314648345934716e-01
1.330817951280006683e-01
6.927390709207623121e-02
5.864540040228067089e-03
9.983431494451186494e-02
3.045154091986214118e-01
6.508156977153886635e-02
1.124593945611944597e-02
6.031576267407601222e-02
4.079022050327307802e-02
2.117903895469104222e-02
1.947849491064229943e-01
3.351555375042476748e-02
3.858027609945235414e-01
9.001927767059929308e-02
4.100241688989983979e-01
1.310981325952356724e-01
4.310308567435800486e-01
2.873507255873626945e-02
7.337430332427472002e-02
1.660239701159026485e-02
9.127511407809137112e-02
8.075453400053228536e-02
6.466277648082983942e-02
4.107745698219905095e-01
4.780085489324707032e-02
3.258602092111598236e-01
4.560138976996619409e-02
1.244860474481261248e+00
4.065213198653483406e-02
2.146280893793502398e-01
5.846951042146270733e-02
2.286020600921348164e-02
2.553212896783088257e-02
6.942191321491925082e-02
3.712606593677937883e-01
8.649201536238208810e-02
2.228994800655725514e-02
4.140464114740675106e-01
4.345202029076005584e-02
1.386469892257528869e-01
1.178928523881813267e-01
1.699295262135143425e-01
3.176146068844281634e-01
7.433002682771610026e-01
1.904850532714699396e+00
5.998011599141412908e-01
2.198617803820733865e-02
4.560109070308044493e-02
9.575668271666554210e-02
2.860099915411812299e-01
2.972668359806894534e-02
4.287069347951723564e-01
1.364729992894559707e-01
1.218267897678972922e-01
5.738457815690583413e-02
1.300320900009960812e-01
5.095165463255629801e-01
2.762793421346089739e-01
3.549483864700917618e-02
4.530597043610964242e-02
6.748163025512358970e-02
1.511256845367363044e-01
4.828414033205228328e-01
3.443751685131052342e-01
3.830171701474400364e-02
7.433794025071442935e-01
1.843688984568194605e-02
1.103571965558343415e-02
1.078029842227561791e-01
4.250203533993991006e-02
9.654877826665642093e-02
1.484391844531333243e-02
6.629452626296551687e-02
2.658999527184926007e-02
3.612777487686358868e-01
4.496476165112827522e-02
8.749264504120687902e-02
1.440478440012719075e-01
1.052259366076225000e-01
1.143818408627641642e-01
5.317750628515321293e-02
5.324152695305808813e-02
1.307943972836989321e-01
7.124408271917419544e-01
5.805062374854285528e-02
3.565971205637051833e-01
8.632541583463280987e-02
3.943810486368608953e-02
1.331917824878482356e-02
5.408072471169824563e-02
5.828163275612090882e-02
5.706097279932682842e-02
8.958333102973353723e-01
6.113120121863836048e-02
6.205919324834684170e-02
7.805457793134837896e-01
4.954593275309528838e-02
1.086935668206051239e-02
4.448532440137952654e-02
2.031820927886438810e-01
3.550640122831170975e-02
9.760917456539892900e-02
9.682037078919876819e-03
4.449304853233957552e-02
2.151263256864763967e-02
3.040918517796608045e-01
2.728266050081782912e-01
5.810433950214656529e-02
2.536532851599286875e-01
1.943474712335462387e-02
8.080222410234759456e-02
1.820616428145612198e-01
4.373685032647909449e-02
2.895059853320518586e-02
1.101833674917544470e-01
1.959279439810482706e-02
7.613189586044095958e-02
1.310198760535332407e-01
1.408147714798640149e-01
2.621808560318052497e-02
4.199284037854218998e-01
4.577092151001955350e-02
2.228571551323009492e-01
3.789576918513098969e-01
4.262200510245726243e-02
3.476351839206874295e-01
1.888406358785952449e-02
1.023670710498627151e-01
2.517434337445195302e-03
3.951671767004945324e-02
1.945558276890412830e-01
1.402978446872278351e-01
8.953609584472543848e-02
1.373834884855379065e-02
