0.000000000000000000e+00 0.000000000000000000e+00 0.000000000000000000e+00 0.000000000000000000e+00 0.000000000000000000e+00 0.000000000000000000e+00 0.000000000000000000e+00 0.000000000000000000e+00 0.000000000000000000e+00 0.000000000000000000e+00
0.000000000000000000e+00 0.000000000000000000e+00 0.000000000000000000e+00 0.000000000000000000e+00 0.000000000000000000e+00 3.333333333333333222e-04 1.333333333333333289e-03 0.000000000000000000e+00 5.333333333333333155e-03 3.266666666666666330e-02
0.000000000000000000e+00 0.000000000000000000e+00 0.000000000000000000e+00 0.000000000000000000e+00 0.000000000000000000e+00 0.000000000000000000e+00 3.666666666666666598e-03 4.666666666666667053e-03 1.033333333333333326e-02 9.633333333333334025e-02
1.333333333333333289e-03 3.000000000000000062e-03 7.000000000000000146e-03 5.000000000000000104e-03 8.666666666666666269e-03 6.600000000000000311e-02 5.266666666666666718e-02 1.600000000000000033e-02 4.599999999999999922e-02 2.760000000000000231e-01
3.766666666666666774e-02 1.326666666666666550e-01 3.173333333333333561e-01 1.690000000000000113e-01 1.610000000000000042e-01 4.560000000000000164e-01 5.366666666666666252e-01 4.129999999999999782e-01 2.926666666666666861e-01 5.699999999999999512e-01
7.833333333333333814e-02 1.766666666666666663e-01 5.789999999999999591e-01 5.400000000000000355e-01 5.116666666666667140e-01 3.536666666666666847e-01 2.713333333333333153e-01 2.469999999999999973e-01 2.533333333333333548e-01 2.083333333333333426e-01
2.169999999999999984e-01 3.669999999999999929e-01 5.889999999999999680e-01 4.893333333333333424e-01 4.079999999999999738e-01 3.643333333333333424e-01 2.620000000000000107e-01 2.153333333333333210e-01 1.843333333333333213e-01 2.409999999999999920e-01
5.199999999999999761e-02 2.699999999999999969e-02 2.800000000000000058e-02 3.166666666666666935e-02 2.233333333333333351e-02 8.999999999999999320e-03 9.333333333333334106e-03 7.666666666666666248e-03 2.333333333333333526e-03 5.000000000000000104e-03
1.633333333333333304e-01 9.666666666666666463e-02 9.366666666666666197e-02 1.833333333333333204e-01 1.533333333333333215e-01 1.326666666666666550e-01 2.166666666666666741e-01 2.226666666666666794e-01 1.296666666666666801e-01 7.866666666666666252e-02
3.933333333333333126e-02 2.066666666666666652e-02 2.033333333333333173e-02 3.033333333333333368e-02 9.666666666666667157e-03 9.666666666666667157e-03 4.433333333333333570e-02 2.939999999999999836e-01 2.413333333333333441e-01 2.483333333333333226e-01
6.333333333333333176e-03 7.333333333333333197e-03 3.333333333333333547e-03 4.333333333333333134e-03 1.666666666666666774e-03 4.000000000000000083e-03 9.666666666666667157e-03 8.333333333333332871e-02 5.133333333333333498e-02 4.133333333333333304e-02
