0.1076114444444448 0.2465075000000006 0.27422857142857215 0.2458361666666674 0.36487040000000137 0.4850612500000019 0.38311600000000035 0.31590899999999933 0.33583299999999905 
0.06964679999999965 0.18779922222222178 0.34627124999999936 0.49466657142857057 0.6714468333333319 0.8801001999999976 1.1162014999999972 1.4348106666666633 1.5799544999999957 1.5107559999999949 
0.1291643333333331 0.31264287499999954 0.43018628571428447 0.534407333333331 0.6331649999999969 0.7768704999999957 0.8116359999999956 0.9045174999999961 1.3359729999999923 
0.1671016999999992 0.3718117777777763 0.49967712499999917 0.748250571428571 1.1184158333333336 1.4284458000000009 1.6449485 1.8355276666666678 2.1458790000000016 1.7424010000000008 
0.14081180000000024 0.3346247777777789 0.36309212500000076 0.3011550000000015 0.18573116666666745 0.17688539999999897 0.08938624999999942 0.06939300000000162 0.0475085000000013 0.01508000000000178 
0.17642177777777748 0.3818745 0.587561571428571 0.7143158333333314 0.9314137999999966 1.213511249999995 1.456058999999992 1.4686499999999918 1.4526079999999892 
0.08042749999999979 0.22092090909090906 0.3561346000000002 0.5118565555555559 0.7315637500000001 0.8543958571428577 0.837130166666668 0.8329600000000021 0.8263527500000017 0.5701233333333349 0.42687100000000106 0.5737000000000003 
0.04660236363636368 0.11901390000000003 0.22383011111111115 0.36876112499999997 0.5871647142857139 0.882805833333333 1.0524457999999992 1.2445562499999991 1.4202396666666655 1.8516344999999972 2.1136399999999966 
0.02897072727272719 0.06740229999999985 0.08244877777777757 0.13043999999999975 0.1835832857142853 0.23212916666666616 0.3024893999999996 0.3720669999999995 0.42020966666666615 0.4675374999999991 0.520433999999999 
0.10260008333333367 0.27785590909090935 0.41086680000000053 0.5762510000000005 0.7421460000000004 0.9235014285714291 1.0546406666666674 1.1748764000000012 1.2031872500000007 1.1435033333333342 0.6246115000000014 0.3974850000000019 
0.10490666666666619 0.22568112499999915 0.37440228571428386 0.4293449999999983 0.4961141999999983 0.4874874999999975 0.5109826666666638 0.4974524999999958 0.5124039999999976 
0.09160511111111096 0.1962835 0.2800007142857153 0.41933750000000103 0.5249370000000001 0.7619272500000025 1.1149303333333382 1.6208150000000023 2.0248819999999945 
0.0912266363636359 0.20859299999999892 0.24779922222222067 0.29552924999999874 0.27270599999999945 0.19414000000000026 0.2251663999999999 0.3414244999999987 0.3436143333333302 0.5101219999999993 0.8484529999999976 
0.098308444444444 0.20064587499999975 0.22807899999999992 0.16177266666666668 0.11762000000000013 0.1786124999999997 0.22217699999999968 0.23722950000000012 0.4079140000000012 
0.10645509090909043 0.30926370000000014 0.5698097777777777 0.8016440000000011 1.0510738571428588 1.3654796666666695 1.7199790000000044 2.156832500000004 2.7853646666666703 3.3361575000000014 2.9399200000000016 
0.04216533333333283 0.09899374999999964 0.1831697142857135 0.28510999999999864 0.3607081999999981 0.38673749999999835 0.3608506666666643 0.2736839999999977 0.10072399999999904 
0.10915372727272768 0.27606250000000077 0.37024455555555663 0.34772100000000095 0.34822542857142963 0.2586050000000008 0.15660120000000005 0.16575299999999987 0.27472499999999966 0.40645150000000013 0.3746169999999991 
0.17275349999999995 0.43216933333333296 0.6442318749999995 0.7421014285714278 0.6251553333333325 0.39631559999999955 0.1650044999999997 0.14746633333333306 0.08443899999999988 0.000948999999999957 
0.12346177777777775 0.29044824999999974 0.4166167142857138 0.5529509999999995 0.48447219999999946 0.36697049999999964 0.32744699999999943 0.4279499999999991 1.0845319999999994 
0.06155511111111125 0.12649287500000012 0.1551394285714283 0.20157749999999966 0.2674057999999997 0.29887324999999954 0.25917799999999935 0.1666344999999995 0.17616800000000016 
0.06641563636363669 0.15551840000000028 0.1837155555555554 0.15483399999999972 0.1434028571428574 0.13042683333333346 0.15036760000000005 0.16104150000000034 0.120141333333334 0.04687200000000068 0.07488999999999976 
0.14638111111111146 0.3054523750000001 0.37739885714285765 0.3970670000000005 0.5642796000000008 0.9340730000000013 1.1381259999999997 1.1779425000000003 0.8416899999999983 
0.0262970000000002 0.059011375000000074 0.10405928571428609 0.15864216666666683 0.23134739999999987 0.27348574999999986 0.2636823333333326 0.24537650000000016 0.2548330000000016 
0.05573279999999991 0.14804999999999954 0.20962012499999966 0.30417199999999983 0.46967766666666627 0.6463511999999998 0.6493865000000001 0.6456696666666668 0.8092629999999991 1.0906179999999983 
0.15065722222222194 0.2949902499999997 0.3646427142857147 0.6008071666666674 0.6826470000000004 0.48698575000000066 0.4445003333333343 0.3951369999999992 0.10206499999999939 
0.029136666666666814 0.06039337500000005 0.07796757142857146 0.09758100000000028 0.14950480000000035 0.21318999999999977 0.26061100000000004 0.2908394999999994 0.19092799999999752 
0.17507311111111157 0.4011203750000015 0.6025512857142883 0.7606271666666711 0.7118266000000067 0.46584425000000573 0.29289766666666994 0.5223985000000011 0.469762 
0.15275010000000017 0.3888642222222224 0.5163506250000001 0.4875601428571417 0.6103706666666666 0.6868772000000024 0.6806942500000029 0.43597700000000017 0.4051639999999983 0.3839889999999978 
0.10010881818181804 0.23833839999999978 0.38866355555555543 0.48017674999999976 0.5875129999999997 0.6525183333333331 0.6604677999999997 0.6564110000000002 0.9959193333333332 1.279893 1.4075930000000003 
0.1521576363636366 0.39031530000000053 0.6745203333333337 0.9204855000000006 1.086241000000001 1.2690255000000008 1.5133742000000014 1.3984620000000012 1.020782333333334 0.8942415000000008 0.6529000000000009 
0.16278644444444443 0.40290625000000013 0.6782538571428579 1.0145618333333348 1.3017144000000027 2.026452750000003 2.614767666666668 3.1654110000000006 4.026663999999997 
0.06609218181818194 0.15172640000000046 0.25023222222222324 0.3710816250000013 0.4736234285714303 0.5265138333333359 0.5777960000000019 0.5992917500000017 0.6046653333333349 0.811586000000001 0.8949199999999994 
0.13548650000000137 0.33986922222222427 0.4709171250000015 0.5910642857142868 0.6821138333333343 0.8698938000000034 1.2196205000000035 1.4046170000000047 1.1652774999999995 1.350053 
0.05780240000000003 0.17279811111111104 0.3059817499999998 0.47455314285714234 0.652434166666666 0.8700113999999997 1.0417739999999995 1.1744279999999998 1.187873499999999 1.4304039999999978 
0.10420877777777769 0.22885850000000002 0.2689335714285718 0.38009816666666724 0.5800118000000006 0.6491142500000008 0.5477623333333344 0.7251910000000008 0.8921330000000001 
0.0830072999999999 0.180946777777778 0.2587452499999999 0.36754542857142897 0.5471626666666669 0.8149319999999997 0.9564104999999999 1.117761333333332 0.9497454999999999 1.0041729999999907 
0.1178348333333333 0.2946685454545457 0.5304165000000005 0.8193828888888898 0.9157038750000008 1.0201457142857153 1.0940333333333352 1.151665000000002 1.090189000000001 1.1476523333333342 1.3273650000000008 1.26865 
0.10502299999999976 0.2501691818181814 0.3660602999999997 0.49778777777777744 0.7117757500000003 0.8692390000000004 0.9985511666666675 1.0863156000000005 1.1397990000000011 1.1918876666666671 1.2128224999999986 1.1843600000000014 
0.05074360000000011 0.11305166666666659 0.11078612500000005 0.1129269999999999 0.13293533333333318 0.15186600000000047 0.18568725000000047 0.16651499999999964 0.12031249999999975 0.31705000000000155 
0.11404950000000011 0.291120181818182 0.4761419000000004 0.6436514444444457 0.9184997500000012 1.2290042857142867 1.5255303333333337 1.6920831999999995 1.7472867499999996 1.7224883333333327 1.6384769999999949 1.5283999999999984 
0.043974333333333324 0.1203627272727274 0.1784085000000004 0.21845033333333375 0.2427847500000005 0.22682614285714336 0.24214483333333395 0.33556520000000084 0.4852192500000012 0.8340156666666678 1.3803630000000018 1.7650960000000053 
0.08718679999999991 0.1874745555555553 0.35577974999999906 0.4577617142857141 0.5859798333333321 0.678026199999999 0.8407479999999983 1.0478039999999988 1.2110835 1.0041999999999978 
0.21596790000000082 0.5375405555555566 0.7349816250000004 0.9399827142857149 1.1818315000000017 1.4032746000000014 1.8311847500000016 2.646682333333336 2.912267500000004 2.9947690000000007 
0.15832100000000107 0.37107812500000104 0.6332631428571432 0.9946333333333343 1.403790000000002 1.739475000000003 2.093806000000006 1.769777500000002 2.3233970000000026 
0.08995429999999992 0.1874406666666667 0.32373612500000004 0.39706171428571446 0.5979414999999997 0.7699698000000007 0.9446235000000002 0.9824543333333333 1.0683449999999994 1.1659250000000005 
0.16207420000000017 0.4246198888888892 0.7833688750000007 1.0237437142857138 1.2047956666666668 1.531690000000001 2.039221000000002 2.2509316666666725 2.727446500000005 2.599705999999998 
0.22074050000000006 0.4856563333333331 0.6936674999999997 0.9662439999999997 1.118426833333333 1.1634069999999992 1.2484324999999994 0.828567333333333 0.34404950000000006 0.34465299999999965 
0.1020920000000003 0.24807950000000048 0.35526800000000014 0.5281665000000002 0.6501676000000002 0.7574807500000001 0.9465226666666672 0.8176059999999992 0.42003999999999964 
0.03341859999999989 0.08268933333333306 0.14115262499999987 0.2129007142857141 0.2392478333333329 0.2777921999999993 0.24913124999999914 0.2443723333333323 0.15112099999999967 0.1776800000000015 
0.12088240000000011 0.31542133333333383 0.5885691250000009 0.830925000000001 1.0162263333333343 0.9054780000000012 0.9759112500000013 1.0682930000000017 0.9683470000000022 1.0048900000000014 
0.16662955555555536 0.36599512499999987 0.5027865714285714 0.5883858333333337 0.42669640000000036 0.16116575000000008 0.07641466666666698 0.047150500000000074 0.0009040000000000709 
0.06635311111111118 0.15216224999999964 0.2378428571428563 0.29645649999999923 0.23119999999999885 0.1260647499999984 0.09622666666666588 0.08271299999999884 0.02765599999999894 
0.024041909090909096 0.07175249999999993 0.1275945555555555 0.19870400000000005 0.2842222857142856 0.42921549999999986 0.5384231999999995 0.6191189999999992 0.7323976666666658 0.9302055000000007 1.1093649999999995 
0.05387863636363641 0.13106020000000013 0.21060366666666666 0.3474192499999993 0.5351711428571417 0.7140641666666665 0.896405599999998 0.958363999999996 0.9007609999999976 0.8841249999999972 0.9913369999999898 
0.11069390909090902 0.265957999999999 0.40372322222221857 0.5309891249999977 0.6227282857142838 0.6241341666666661 0.7844524000000009 0.9334867499999979 1.0704216666666624 1.5201989999999954 2.1270009999999955 
0.09659233333333345 0.23243536363636455 0.3624245000000012 0.46914777777777905 0.5079011250000007 0.4469014285714293 0.450507000000001 0.4685930000000016 0.47953950000000095 0.6645303333333343 0.9036125000000033 1.1047240000000025 
0.03243820000000013 0.09226744444444453 0.15698349999999994 0.22461371428571444 0.31369133333333343 0.378515200000001 0.39824100000000084 0.42591466666666716 0.5267084999999998 0.7338340000000007 
0.06715266666666668 0.14272224999999994 0.24283928571428584 0.3400691666666665 0.45352659999999995 0.46549275000000007 0.5579876666666665 0.7788550000000003 1.272553999999997 
0.19196330000000095 0.43266688888889115 0.4650125000000024 0.5168661428571458 0.6091248333333364 0.428829800000002 0.1652992500000007 0.10632800000000059 0.15627899999999903 0.16305700000000073 
0.06252581818181825 0.15402880000000005 0.2412674444444443 0.36287987499999985 0.520408428571428 0.752625166666666 1.0118313999999993 1.355999749999999 1.6282616666666647 1.5230569999999974 1.0716679999999972 
0.10045211111111126 0.27169475000000076 0.4690999999999999 0.621104 0.8300402000000002 0.9535994999999999 1.2223440000000005 1.403271000000001 1.331105 
0.08741208333333335 0.2506847272727274 0.39415969999999984 0.5001127777777772 0.6489132499999996 0.8770698571428563 1.0381561666666659 1.0589655999999987 0.9272517499999997 0.8227809999999997 0.800295 0.6849729999999998 
0.11414299999999986 0.24152687499999903 0.3119754285714268 0.3170459999999989 0.17797299999999938 0.12388049999999884 0.2339026666666655 0.2657395000000003 0.6013849999999997 
0.09322333333333281 0.23102975000000017 0.3449702857142869 0.41573450000000167 0.3936484000000003 0.3096892499999981 0.22892666666666567 0.22769100000000025 0.13697000000000106 
0.04578400000000015 0.10494510000000008 0.13817699999999977 0.13403587499999958 0.13795200000000007 0.17904183333333284 0.2092215999999999 0.2902462499999998 0.43144966666666656 0.7474324999999999 1.3445139999999989 
0.17567050000000073 0.41931444444444477 0.5101899999999997 0.495554428571428 0.4902739999999999 0.6523744000000005 0.5201902500000011 0.42787466666666757 0.2938729999999994 0.3846890000000006 
0.10737172727272724 0.27018479999999956 0.47953077777777725 0.6619796249999994 0.9187821428571425 1.2417171666666658 1.6538129999999993 1.7581807499999984 2.020639666666665 2.334606999999998 2.721277000000002 
0.2225042727272721 0.5358343000000001 0.7936611111111106 0.7647378749999998 0.5607234285714308 0.6070001666666673 0.5900427999999979 0.5409642499999984 0.5905459999999982 0.8785025000000046 1.3123010000000028 
0.02299755555555547 0.054011875000000056 0.11757771428571462 0.18718516666666707 0.24702980000000055 0.30551925000000046 0.3705820000000011 0.4420025000000012 0.6019399999999997 
0.05127980000000017 0.11499266666666684 0.15370974999999937 0.2017897142857129 0.22643066666666614 0.21601919999999997 0.23296350000000024 0.26031533333333406 0.2473950000000007 0.14862799999999937 
0.14571459999999942 0.3193023333333326 0.5261363749999982 0.6053229999999966 0.6791554999999978 0.5859225999999995 0.5473817499999991 0.32587099999999924 0.4105004999999986 1.0657159999999966 
0.16899122222222207 0.3490556249999999 0.5574282857142848 0.6512938333333325 0.6605579999999984 0.401259749999998 0.1718079999999992 0.2965245000000005 0.2758129999999993 
0.06166092307692333 0.17241433333333425 0.2814782727272733 0.39742860000000024 0.5757621111111121 0.7727931250000017 0.9888160000000012 1.1102821666666687 1.1336246000000016 1.155155000000002 1.1091910000000027 1.1370490000000006 1.3608020000000027 
0.05037954545454544 0.1291261999999999 0.1960106666666668 0.21532687499999992 0.20986214285714222 0.17633633333333287 0.13240860000000024 0.15868425000000033 0.19313399999999994 0.21754699999999988 0.13776099999999977 
0.16206020000000038 0.46052222222222244 0.835447875 1.1994965714285712 1.269489666666666 1.5796247999999993 2.0181344999999995 2.473267666666667 2.913563000000001 3.3459219999999985 
0.11429459999999957 0.2665062222222221 0.37471599999999916 0.5061282857142837 0.6109548333333318 0.7148909999999987 0.7198450000000007 0.5952453333333334 0.340771000000001 0.1967780000000012 
0.11410366666666667 0.29089587500000064 0.5830364285714297 0.8099245000000016 1.0804472000000034 1.2796747500000025 1.7580590000000005 2.1625395 3.0151809999999966 
0.0986715555555554 0.20795249999999973 0.2696418571428579 0.28514816666666787 0.2801316000000016 0.400522750000001 0.36466433333333304 0.30933900000000336 0.329930000000005 
0.08773833333333343 0.1924937499999991 0.29900285714285596 0.31518933333333227 0.33908059999999957 0.36929300000000065 0.25922000000000045 0.23613900000000085 0.08914099999999972 
0.20832922222222203 0.45520962499999873 0.5749985714285718 0.6121893333333335 0.7485603999999998 1.0876420000000002 1.848438000000002 2.750434500000007 2.661289000000003 
0.08457870000000026 0.21559155555555623 0.2217445000000005 0.2248537142857149 0.3232685000000007 0.397783 0.4038909999999988 0.5272646666666658 1.0921710000000004 1.675897000000003 
0.04349966666666691 0.08788762500000019 0.14091000000000006 0.19841466666666766 0.27177260000000164 0.3513550000000013 0.48692933333333466 0.6621325000000013 0.4852729999999969 
0.10613855555555562 0.2123870000000001 0.2621351428571432 0.2749955000000005 0.16258620000000046 0.12337675000000008 0.12483666666666637 0.08909699999999976 0.14646100000000079 
0.11415244444444483 0.24751962500000052 0.2808060000000003 0.43231116666666713 0.5600112000000003 0.5915762500000006 0.6270893333333338 0.4469664999999986 0.28497999999999357 
0.08838423076923052 0.22857791666666574 0.42634036363636174 0.6557560999999981 0.8876478888888862 1.1482699999999968 1.3861989999999962 1.6821629999999967 1.9062665999999973 1.9720612499999985 1.8761433333333355 1.5985835000000077 1.3624850000000115 
0.14299911111111163 0.2858555000000001 0.3633602857142846 0.49866983333333287 0.594781999999998 0.5721892499999963 0.7415013333333285 0.642558999999996 0.6584419999999946 
0.1915288888888888 0.6253054999999996 1.1047478571428562 1.576330166666666 2.0079964 2.321280250000001 2.308412333333335 1.9255180000000036 2.2286120000000036 
0.20803955555555598 0.4552796249999999 0.7651121428571432 1.0662936666666667 1.3070475999999998 1.6410315000000002 1.768434333333332 1.705849500000002 1.4817920000000036 
0.017197800000000107 0.04101944444444458 0.04532025000000006 0.03531671428571435 0.029173833333333316 0.04026020000000017 0.05415575000000033 0.04586333333333326 0.0520414999999998 0.06028999999999989 
0.06573050000000025 0.1706742222222222 0.34162324999999977 0.5332351428571427 0.6999531666666662 0.8760169999999999 0.9924150000000003 0.9172039999999996 0.9026290000000011 0.8430050000000028 
0.11145319999999964 0.24759366666666582 0.38739162499999896 0.5678315714285699 0.7662916666666642 0.9994527999999978 1.2244347499999964 1.265314333333329 1.080455499999995 0.9371139999999943 
0.1625481111111111 0.40382075000000084 0.6743000000000009 0.9728574999999999 1.0660592000000013 1.0963852500000004 1.0157466666666648 0.9383929999999973 1.2538850000000017 
0.10953077777777766 0.2879492499999989 0.6359548571428562 1.095215166666665 1.6507285999999988 2.1485122499999965 2.601757999999995 2.709345999999994 2.6073290000000027 
0.09862033333333343 0.2428669999999996 0.24003499999999917 0.3242284999999991 0.5329099999999994 0.6031242499999971 0.9264343333333308 1.7226859999999942 2.653728999999988 
0.0799227777777778 0.21861537499999983 0.2609055714285715 0.26674000000000075 0.3179040000000004 0.3873369999999997 0.3265183333333342 0.24407350000000133 0.2987889999999999 
0.047317333333333385 0.09836375000000028 0.13514585714285723 0.18149783333333294 0.19846959999999983 0.1986712499999992 0.20842833333333324 0.14203500000000036 0.11492200000000097 
0.2146040909090907 0.5597325999999994 0.8866968888888876 1.0531189999999988 1.121115999999998 1.2558536666666646 1.3991163999999965 1.6812339999999963 2.1409386666666634 2.977394999999996 2.938688999999995 
0.1329750000000005 0.31507077777777803 0.45418100000000133 0.44373785714285735 0.5485750000000016 0.7384975999999996 0.6527157500000007 0.34886599999999746 0.3597864999999975 0.3570319999999967 
0.11428433333333313 0.2410456250000001 0.41395699999999974 0.6677598333333329 0.933233000000001 1.0607307500000005 1.0124996666666672 1.0978935000000032 1.1173370000000056 
0.18067669999999975 0.47099377777777757 0.9146227499999998 1.2705225714285715 1.5631734999999995 1.916640999999999 2.2651879999999993 3.0015759999999982 3.895904999999999 4.528536999999997 
0.09156861538461519 0.24009816666666606 0.34883663636363565 0.37448029999999916 0.36268488888888767 0.35897499999999827 0.31900642857142714 0.2832329999999988 0.2484275999999992 0.23347374999999915 0.16936499999999902 0.07423799999999944 0.040825999999999446 
0.12471989999999983 0.2618881111111113 0.30397725000000153 0.3256254285714293 0.32253833333333354 0.3971576000000008 0.635377500000001 0.8836806666666686 0.7582755000000032 0.35331700000000343 
0.12078292307692298 0.31446591666666657 0.4857916363636364 0.6770461000000001 0.8846183333333334 1.0196327500000002 1.0412464285714287 1.0225963333333332 0.7669482000000003 0.69232725 0.9233686666666661 1.3345384999999992 1.5183439999999988 
0.13496477777777766 0.28047837499999895 0.4953992857142843 0.6225711666666659 0.7862475999999987 0.8370567499999984 0.8016269999999982 0.48893749999999975 0.38945699999999406 
0.08052500000000007 0.18557029999999985 0.3248553333333331 0.5245568749999998 0.7333695714285715 0.9069895 1.0270266000000006 1.1001522499999996 1.0596860000000001 0.9026455000000018 0.581856999999998 
0.16581788888888885 0.4690236249999999 0.8412587142857142 1.1330569999999995 1.4122338 1.9351905000000007 2.287119666666668 2.420281500000003 1.8981530000000002 
0.16861310000000007 0.38527811111111104 0.7426287500000004 1.1131141428571423 1.4181509999999995 1.7306771999999992 2.3340067499999977 2.767507333333331 3.5490744999999957 4.821136999999997 
0.032635222222222364 0.08507425000000018 0.14993700000000046 0.19413866666666726 0.19301500000000055 0.14786950000000015 0.08082900000000026 0.0407210000000003 0.008957000000000208 
0.05524533333333342 0.13076800000000038 0.18398442857142933 0.16827050000000104 0.1934590000000011 0.2869662500000021 0.39974500000000224 0.44905500000000376 0.7652980000000054 
0.08290044444444442 0.22996862499999995 0.32680028571428577 0.4403990000000002 0.5870948000000002 0.6863859999999993 0.6970426666666654 0.6432894999999988 0.6769999999999985 
0.13541366666666677 0.3085242500000002 0.468821142857143 0.7263025000000007 0.9394698000000008 1.3786897500000015 1.8592980000000012 1.782195000000001 2.5633250000000025 
0.0966083333333335 0.25840175000000043 0.31023100000000076 0.390464666666667 0.4050416000000005 0.22007000000000024 0.0665303333333326 0.0536540000000003 0.1703650000000018 
0.1001732222222227 0.20066937500000073 0.35383871428571684 0.5112803333333353 0.7051246000000031 0.8281485000000027 1.11447166666667 1.3241665000000011 1.2120610000000012 
0.09100244444444455 0.202231375 0.3204794285714292 0.3777915000000007 0.6021684000000015 0.8718522500000031 1.0357906666666676 0.8881635000000034 0.778058000000007 
0.06960355555555611 0.15977675000000138 0.23247028571428766 0.2219646666666682 0.15862180000000126 0.11465050000000099 0.03346733333333385 0.04578900000000034 0.05738400000000055 
0.05008445454545471 0.15463000000000038 0.28913766666666724 0.4161802500000007 0.4837934285714292 0.46122966666666765 0.385481600000001 0.3304749999999994 0.3256363333333324 0.3527339999999993 0.4734130000000015 
0.11364554545454571 0.2711682000000001 0.2925547777777791 0.19001500000000013 0.2027054285714297 0.2977255000000019 0.38118840000000365 0.31281250000000216 0.5347410000000036 0.984714000000005 1.355521000000022 
0.04885154545454558 0.1087654000000003 0.13962811111111187 0.1804835000000005 0.21208271428571407 0.19933566666666602 0.2463705999999991 0.4087699999999996 0.5241463333333326 0.6369369999999992 0.7337289999999987 
0.08145059999999983 0.18285655555555552 0.30788825000000003 0.35472085714285667 0.34631433333333306 0.2835039999999998 0.2869569999999998 0.3406246666666669 0.4835984999999994 0.7080499999999986 
0.12374666666666718 0.2965913750000001 0.45291928571428497 0.5858564999999984 0.7678477999999989 0.8692187500000009 0.746137666666667 0.9514864999999995 0.9119359999999981 
0.07569577777777725 0.17013787499999994 0.3128051428571428 0.4539398333333334 0.6282833999999999 0.8537287499999994 0.9449713333333328 1.2252914999999955 1.161575999999996 
0.06825030769230762 0.1881721666666666 0.25517618181818186 0.29879800000000006 0.3268873333333335 0.36699425000000013 0.44716271428571447 0.530917 0.6353004 0.7585295000000004 0.9073900000000001 1.2752829999999988 1.4595219999999995 
0.03735611111111096 0.09751962499999985 0.11116128571428593 0.13970133333333346 0.1602096000000001 0.2211280000000005 0.32451900000000133 0.4302785000000011 0.5913290000000003 
0.056604363636363564 0.18841530000000042 0.37362544444444473 0.5947791250000007 0.8586871428571438 1.1070590000000016 1.3840480000000008 1.6995037499999992 1.972030333333334 2.258347500000001 2.253977999999999 
0.05241033333333324 0.13823837499999958 0.2429238571428564 0.3302456666666659 0.38892799999999966 0.3930855 0.35784366666666634 0.2549554999999998 0.22722499999999876 
0.09708955555555533 0.2126367499999997 0.3847972857142853 0.6688416666666661 1.0237155999999992 1.393149999999999 1.8775703333333316 1.8322049999999999 1.9478559999999991 
0.13468555555555545 0.29303049999999964 0.26734814285714253 0.14857000000000004 0.06941039999999991 0.1018804999999997 0.15709833333333334 0.19784100000000027 0.1475240000000001 
0.07130177777777748 0.1611897499999997 0.3156238571428562 0.4830724999999983 0.6691625999999978 0.9330717499999976 1.3039823333333311 1.7951769999999965 2.240575999999999 
0.08517123076923065 0.23323616666666652 0.3175586363636362 0.3102524000000003 0.3574286666666669 0.4457172499999997 0.5583627142857142 0.6076876666666664 0.6470607999999999 0.8844574999999979 1.315425666666664 1.8089229999999954 2.0502819999999953 
0.03745344444444442 0.0918224999999999 0.10013700000000005 0.07546883333333329 0.0474246 0.008254750000000012 0.05131566666666643 0.19649099999999972 0.254269 
0.09852722222222278 0.2269570000000009 0.3466715714285722 0.3971721666666672 0.526986600000001 0.850126250000002 0.9830323333333358 1.083365000000002 0.8868690000000004 
0.06497111111111112 0.14109450000000026 0.17368728571428593 0.18221866666666675 0.18784240000000027 0.19658450000000055 0.1792863333333342 0.13342900000000044 0.05256200000000007 
0.14244522222222195 0.3233286249999989 0.4690789999999988 0.5512048333333317 0.6258215999999989 0.47622774999999873 0.4863069999999999 0.6485424999999999 0.8125089999999996 
0.05484255555555554 0.10823212500000029 0.18628442857142885 0.29924433333333333 0.37581200000000015 0.46397549999999965 0.5384329999999986 0.5459014999999983 0.683512999999999 
0.1360160000000001 0.30581309999999967 0.3832567777777771 0.36975349999999846 0.3014017142857122 0.29109783333333106 0.2543627999999982 0.13116250000000088 0.14925166666666817 0.0799525000000014 0.0275139999999997 
0.0504718888888885 0.15045437499999972 0.27693771428571545 0.41638100000000067 0.5563424000000001 0.5830805000000003 0.5853219999999995 0.6396864999999987 0.5628970000000039 
0.1093620000000001 0.2523595555555557 0.3311015000000001 0.46001842857142894 0.6406146666666669 0.8805364000000004 1.257844750000001 1.6013353333333344 1.4281200000000014 0.8222419999999996 
0.20178011111111088 0.5223593750000005 0.7492534285714303 0.91135116666667 1.1910296000000045 1.176654750000003 1.0097060000000033 1.134632500000004 1.2737930000000044 
0.12617122222222182 0.26191412499999944 0.33288099999999954 0.4979923333333326 0.7050742000000003 0.9300280000000004 1.1063263333333344 0.7136695000000016 0.5758850000000013 
0.08212388888888854 0.17582574999999928 0.3112022857142857 0.347242166666667 0.3255486000000007 0.3160102499999994 0.3146586666666664 0.3385529999999995 0.48023299999999836 
0.09800180000000006 0.23208144444444417 0.4463183749999997 0.7491328571428572 0.998459666666667 1.2813252000000006 1.6263699999999999 1.8362603333333336 1.8885115000000012 1.3636999999999995 
0.08312461538461528 0.23824291666666642 0.4395509090909089 0.7273782 1.0790054444444446 1.4759557499999998 1.814659714285714 2.0273596666666664 2.304675000000001 2.550612500000003 2.8664413333333347 3.5632185 4.07524 
0.1681591111111113 0.48570824999999984 0.7568387142857138 1.001438166666666 1.3148193999999993 1.727729249999999 1.976314333333331 2.4822689999999996 2.596431999999999 
0.0891755833333337 0.2507354545454547 0.4683166999999999 0.705986888888889 0.8745597500000001 0.9626550000000004 0.8471041666666652 0.8138135999999986 0.6950899999999988 0.588638333333332 0.6339909999999986 0.6316129999999989 
0.12257488888888875 0.32438649999999974 0.6015494285714281 0.8910176666666667 1.1931884000000008 1.6654124999999995 2.3854706666666665 3.1134950000000026 3.5555780000000006 
0.05422090909090899 0.13759200000000024 0.1652143333333334 0.14440962500000018 0.15446171428571417 0.19377450000000018 0.22064639999999966 0.22377374999999972 0.273800333333334 0.44929700000000017 0.9178740000000016 
0.005555454545454525 0.016098099999999928 0.025223666666666627 0.027310250000000126 0.029282285714285945 0.03306366666666694 0.03728840000000027 0.03962500000000002 0.05003766666666659 0.0737025000000001 0.07344200000000044 
0.1347455555555562 0.27832612500000115 0.4087367142857138 0.4977686666666662 0.7174902000000022 0.7721205000000028 0.8751276666666703 1.057709500000007 1.5251860000000055 
0.08071090909090894 0.21688959999999946 0.27792844444444387 0.22751862499999903 0.1320069999999996 0.12608533333333427 0.16116100000000044 0.2718232500000006 0.4118293333333348 0.629475000000001 0.846250000000001 
0.061963666666666514 0.16135637499999977 0.30449571428571437 0.509192333333334 0.6402428000000006 0.8451054999999998 1.0526259999999987 1.5334764999999948 1.844764999999996 
0.1975606999999988 0.4373133333333309 0.6361158749999971 0.8316092857142829 0.9540711666666657 0.827736599999999 0.7748482499999987 0.5394690000000009 1.002988999999998 1.639704999999991 
0.0368896999999998 0.07896044444444429 0.1472707500000003 0.21225685714285708 0.26257000000000064 0.31183680000000047 0.3193174999999992 0.34141599999999994 0.47789899999999863 0.6926769999999974 
0.06629000000000008 0.1718851249999997 0.27453842857142824 0.3247278333333339 0.33571979999999996 0.3899012500000006 0.552991666666667 0.6229095000000002 0.8252240000000018 
0.08876022222222206 0.1983546249999994 0.2491164285714275 0.33161916666666524 0.3718301999999985 0.372409249999998 0.5397869999999966 0.7475354999999958 0.9670599999999929 
0.09692799999999997 0.2226743999999998 0.2815804444444445 0.36365712500000036 0.47604385714285746 0.5417568333333331 0.5232809999999989 0.41381474999999845 0.27722599999999925 0.03579700000000004 0.006569999999999928 
0.07950211111111098 0.2042203749999995 0.3945345714285703 0.5785361666666646 0.6751099999999974 0.7902057499999974 1.0087986666666637 1.3707024999999935 1.177876999999991 
0.13183049999999993 0.36105655555555555 0.6796776250000003 1.0919827142857144 1.6045915000000002 2.1485682000000006 2.6871617500000005 3.016326333333336 3.3190935000000006 4.429841000000001 
0.1967921111111107 0.38817924999999875 0.5314578571428555 0.48869533333333215 0.34260279999999843 0.28057899999999975 0.3163143333333342 0.31553099999999923 0.1026250000000002 
0.20665427272727308 0.516428900000001 0.5658955555555567 0.5637887500000008 0.6295564285714293 0.8774305000000013 1.1456814000000017 1.235183000000001 1.0261940000000016 0.3220395000000011 0.03239299999999875 
0.13357754545454553 0.3214457999999997 0.44475399999999965 0.42463137499999887 0.32623614285714325 0.2640065000000008 0.36768579999999984 0.542378249999999 0.7102186666666659 0.8666159999999968 0.6466849999999991 
0.022717777777777805 0.05559362500000015 0.08723342857142881 0.14075000000000037 0.20659580000000055 0.2498800000000006 0.2579106666666673 0.19543750000000001 0.12600399999999987 
0.07151200000000005 0.17969159999999995 0.2687726666666664 0.3498724999999996 0.4013429999999998 0.47670650000000026 0.5967170000000007 0.8794225000000004 1.2299066666666678 1.6869060000000013 2.159241999999999 
0.03553800000000013 0.0770927500000006 0.12624314285714322 0.189940333333334 0.25684300000000065 0.27515999999999946 0.2561093333333333 0.311982 0.3132100000000012 
0.056223000000000314 0.11503274999999992 0.19694185714285645 0.26680449999999883 0.2584559999999988 0.2374737499999984 0.23996633333333228 0.1974439999999978 0.3331449999999964 
0.1459614000000006 0.35294633333333314 0.6647485000000001 1.0367811428571418 1.3675651666666646 1.6928085999999984 1.8239419999999968 1.890571999999997 1.6331294999999983 0.772129999999999 
0.12656444444444429 0.25653074999999986 0.3404088571428571 0.40946549999999965 0.39009179999999954 0.2445847499999989 0.1141546666666654 0.1631409999999989 0.09718400000000009 
0.08236555555555512 0.18852524999999892 0.18325785714285628 0.13753283333333244 0.16034379999999918 0.2291497499999994 0.24544033333333176 0.19229099999999705 0.3692899999999992 
0.1259644545454545 0.32577349999999966 0.4916337777777768 0.46985049999999934 0.376635428571428 0.2873195000000005 0.17372439999999995 0.22336349999999977 0.4354739999999989 0.7390694999999985 1.0169409999999965 
0.10162539999999953 0.2971641111111097 0.5510821249999985 0.9045477142857135 1.363547833333332 1.7685305999999976 1.835602500000002 1.993495666666669 2.2620125 2.6811700000000025 
0.10995830000000058 0.2691916666666676 0.47845275000000287 0.6596885714285746 0.8294255000000046 0.971728200000004 1.072335000000002 0.7794659999999982 0.7564894999999989 0.7581769999999942 
0.1786797777777774 0.47346324999999906 0.733581857142856 0.7746951666666666 0.5590905999999995 0.2031517499999993 0.10303566666666648 0.11154599999999969 0.21788999999999858 
0.07393188888888867 0.23587187499999945 0.32543757142857077 0.38149616666666614 0.48723779999999994 0.6203217499999996 0.5774236666666667 0.34436550000000005 0.26882499999999837 
0.158909111111111 0.41620212500000026 0.5451257142857142 0.5902424999999996 0.573885199999999 0.4785737500000002 0.5325693333333343 0.6718855000000001 0.763208 
0.2125543333333342 0.4796807500000017 0.38577757142857205 0.1893326666666655 0.31314939999999886 0.5716005000000018 0.6622570000000014 0.2925050000000002 0.30670899999999707 
0.09042589999999995 0.2120515555555554 0.3861925000000004 0.5703667142857146 0.7231356666666674 0.6489072000000004 0.6845042500000007 0.5900520000000009 0.4902530000000016 0.26623700000000183 
0.050469777777777745 0.09954687499999998 0.1837350000000001 0.24723833333333317 0.32193700000000003 0.4558125000000002 0.6142996666666668 0.8710514999999984 0.9376099999999994 
0.10235666666666625 0.22461837499999995 0.3345167142857142 0.45661950000000007 0.7153406000000012 0.894979750000001 1.210866333333334 1.7560404999999997 2.3610759999999993 
0.07564372727272746 0.1709052000000003 0.3152939999999999 0.4627356250000004 0.6605947142857148 0.8391898333333341 0.9504286000000012 1.0028427500000003 1.0731906666666693 1.0255230000000024 0.902521000000001 
0.07269720000000046 0.1615164444444447 0.2636290000000006 0.38913371428571525 0.4805246666666672 0.6411520000000004 0.9088440000000014 0.9702280000000011 1.2484340000000012 1.423568000000007 
0.2037288888888888 0.43830412499999966 0.6206012857142856 0.8186111666666669 1.2014194000000005 1.5816682499999994 2.1721823333333328 2.5049475 2.3838800000000013 
0.1431961666666668 0.4120250909090912 0.5013299999999997 0.4252246666666666 0.36634287499999985 0.4802577142857148 0.5625503333333344 0.4224910000000012 0.30617150000000126 0.635514000000001 1.7179740000000026 3.385808000000003 
0.02041849999999983 0.04939409090909066 0.0833072999999998 0.1253226666666666 0.18085074999999995 0.21733457142857138 0.2628116666666671 0.3212228000000008 0.40557250000000117 0.40277766666666714 0.43399150000000136 0.4890500000000002 
0.10844219999999992 0.25601788888888877 0.3759459999999997 0.4920361428571425 0.5593248333333328 0.5353265999999993 0.44842374999999957 0.5491586666666658 0.6469854999999983 0.4383879999999988 
0.19664369999999962 0.45605033333333267 0.6969622499999995 0.7831905714285714 0.7366844999999997 0.7039401999999995 0.5027169999999994 0.3979093333333335 0.49557050000000086 0.5123530000000026 
0.1972834444444436 0.41172712499999864 0.40838985714285625 0.29218783333333276 0.22549779999999953 0.3624377499999988 0.5344463333333318 0.7847264999999997 0.8930690000000012 
0.06720366666666651 0.1889963749999991 0.36137614285714176 0.559513166666665 0.6970963999999982 0.8751722499999982 0.9253996666666643 1.0014495000000005 1.2216530000000005 
0.057570666666666694 0.12887575000000007 0.14334599999999986 0.14786583333333325 0.19725139999999985 0.2519267500000001 0.18542733333333378 0.01037700000000022 0.012818000000000372 
0.0417439090909091 0.09649810000000009 0.17562511111111137 0.2765500000000006 0.3689662857142867 0.4601533333333341 0.5244791999999996 0.6685459999999988 0.7475159999999994 0.7129884999999991 0.7634610000000016 
0.06454727272727274 0.16541709999999973 0.2763768888888888 0.4280521249999999 0.6135017142857143 0.8687610000000008 1.0329260000000002 1.2410987500000004 1.6307319999999994 2.0521324999999964 2.5470499999999965 
0.06547755555555564 0.17232762500000026 0.216586142857143 0.24811449999999993 0.23226200000000016 0.2042637499999998 0.3224703333333337 0.6740755000000005 1.0757380000000025 
0.12510080000000007 0.3100110000000001 0.45359212499999996 0.7425931428571427 1.1055323333333331 1.2679607999999996 1.5982764999999994 2.1281936666666654 2.4960604999999987 2.7568579999999954 
0.003013777777777784 0.008919874999999963 0.013916285714285614 0.017800499999999952 0.015561800000000013 0.009581750000000031 0.005643333333333421 0.002746500000000089 0.0031060000000000068 
0.029121200000000094 0.06564833333333342 0.07239137499999986 0.07120642857142824 0.06368216666666673 0.06464059999999967 0.07718674999999935 0.13614099999999943 0.24640849999999917 0.2579599999999984 
0.1097620000000003 0.2683468750000007 0.47237928571428656 0.5315105000000011 0.6517318000000007 0.963146250000001 1.4595796666666676 1.7574164999999997 2.391890000000001 
0.11810345454545472 0.3342175000000003 0.5804833333333337 0.8908410000000004 1.1144015714285722 1.258707333333335 1.3373882000000021 1.2787860000000013 1.1879060000000017 1.2562755000000014 1.6523839999999999 
0.07347044444444473 0.1842576250000006 0.29862885714285786 0.4549670000000007 0.6643678000000011 0.7607265000000013 0.7337206666666662 0.9535354999999994 1.2580559999999994 
0.15277850000000046 0.36964622222222265 0.7241622499999998 1.2390022857142862 1.9734316666666665 2.6878651999999987 3.338730499999996 4.14930733333333 4.927868999999996 5.331244999999994 
0.049197111111111066 0.11105974999999967 0.16868271428571358 0.18519166666666612 0.14058379999999931 0.10762050000000016 0.13998966666666696 0.24168499999999993 0.391431999999999 
0.15823900000000102 0.3660843333333337 0.41821899999999934 0.5016027142857136 0.5346144999999995 0.5873937999999999 0.7750047500000019 0.6053993333333345 0.21138249999999953 0.3481460000000026 
0.08457588888888869 0.2511919999999999 0.49978171428571416 0.8001441666666668 1.1709018000000004 1.63086375 2.0857333333333328 2.6083179999999997 2.246669000000002 
0.031084999999999977 0.06618950000000005 0.1163790000000002 0.13110716666666694 0.16981400000000035 0.18573575000000012 0.15814233333333336 0.11113899999999967 0.110924999999999 
0.11437483333333373 0.2929836363636372 0.44502370000000024 0.6028192222222223 0.8088625000000003 1.0223728571428568 1.231479666666666 1.6129391999999996 2.051298749999998 2.87493233333333 4.0652149999999985 4.8586 
0.04973533333333325 0.14071927272727291 0.2521835999999999 0.3297887777777776 0.42069887499999964 0.494155714285715 0.584097 0.6551441999999996 0.6900537499999985 0.7720686666666652 0.8901249999999956 0.9009319999999964 
0.05905966666666642 0.15019812499999963 0.2175624285714284 0.3339266666666665 0.45585600000000004 0.6548379999999994 1.0033849999999989 1.1324044999999998 1.171132999999999 
0.18681189999999973 0.4064435555555548 0.5442127499999994 0.500877 0.38735366666666643 0.38234959999999935 0.3418067499999997 0.4142446666666669 0.39738100000000137 0.5958889999999999 
0.07989036363636311 0.1916106999999988 0.29211533333333217 0.38862349999999984 0.5000524285714287 0.7336809999999998 0.9714277999999994 1.2192130000000012 1.6448819999999995 2.2204784999999982 2.891215999999993 
0.12672470000000058 0.3497634444444457 0.5503765000000024 0.6943135714285749 0.7345291666666692 0.8267202000000025 0.973568250000002 1.1031913333333354 1.3432745000000015 1.1998610000000018 
0.04284799999999993 0.10681487499999984 0.1794928571428568 0.21506749999999936 0.21358819999999962 0.15635624999999986 0.05727399999999936 0.025858499999999174 0.0007380000000000453 
0.09571225000000018 0.24443090909090942 0.3421540000000007 0.5096246666666675 0.6438841250000006 0.6845787142857148 0.6743751666666669 0.8488461999999999 1.1095914999999996 1.2268173333333339 1.2806289999999996 1.6610169999999997 
0.10759888888888894 0.23133312499999997 0.44965814285714273 0.6528936666666664 0.826126 0.8882334999999999 0.8672703333333335 0.7344065000000001 0.4304420000000001 
0.13374354545454503 0.3492546999999993 0.46139144444444335 0.3999704999999988 0.46042971428571267 0.7075483333333318 0.9113971999999997 0.9935530000000012 0.9467290000000018 1.014573500000001 0.7071650000000017 
0.10777733333333347 0.26405474999999995 0.5070892857142854 0.6907999999999992 0.8624231999999996 1.0653114999999997 1.3543330000000005 1.5768779999999998 1.7004340000000016 
0.06998066666666632 0.16195987499999967 0.22576499999999888 0.2540944999999985 0.16926799999999873 0.1194062499999988 0.1414469999999992 0.19132949999999915 0.2289679999999997 
0.06237280000000017 0.13717677777777781 0.2300700000000001 0.2734365714285716 0.31122200000000033 0.3729928 0.4694364999999996 0.48538866666666625 0.5127034999999995 0.28011399999999853 
0.1547097777777774 0.3120491249999997 0.40080642857142856 0.5975534999999995 0.8507805999999992 1.2499077499999989 1.6921049999999989 2.2925704999999983 2.306727999999998 
0.12632766666666656 0.39102500000000007 0.670087714285714 0.7945926666666663 0.9503860000000008 1.0256410000000014 0.6728766666666688 0.4169190000000014 0.6297970000000027 
0.04539772727272728 0.1160698999999998 0.19249633333333302 0.2034781249999997 0.19289228571428524 0.24861866666666635 0.27064239999999984 0.3023097500000003 0.308791666666666 0.396916499999997 0.49957299999999816 
0.11068145454545415 0.26170589999999927 0.4341361111111111 0.6250021250000013 0.7296505714285727 0.8223273333333352 0.8162320000000025 0.9042212500000016 1.3747083333333343 1.5978705000000004 1.5822980000000044 
0.056148454545454494 0.1296633 0.202552888888889 0.2912992500000003 0.39631871428571436 0.5819013333333337 0.7642626 1.0523320000000003 1.2665993333333345 1.6370765000000014 1.8160930000000037 
0.05005899999999991 0.11304377777777781 0.13439887499999975 0.19470414285714258 0.258053833333333 0.33159299999999936 0.39146725000000027 0.4379270000000015 0.34946600000000005 0.20520399999999966 
0.06783477777777797 0.14358412499999992 0.20704742857142863 0.22973500000000072 0.2411010000000008 0.24378650000000035 0.19848400000000127 0.1593685000000014 0.013901000000000038 
0.03819245454545492 0.09843200000000037 0.16775655555555627 0.24780850000000088 0.3636751428571438 0.49144600000000077 0.6067908000000011 0.6432510000000006 0.6910710000000005 0.6519429999999995 0.6311049999999989 
