0.037135500000000106 0.07308233333333344 0.06463362500000006 0.0865188571428571 0.12461266666666657 0.1499252 0.16370499999999946 0.28981366666666564 0.36346549999999944 0.39177699999999843 
0.031893647058823506 0.07080493749999983 0.09124046666666627 0.09996842857142797 0.10145515384615329 0.09255966666666644 0.09236736363636355 0.09953409999999992 0.1014188888888886 0.11333362499999947 0.1138118571428568 0.130375333333333 0.14160459999999972 0.1991564999999998 0.2591116666666663 0.27463149999999864 0.33108999999999833 
0.1638029 0.32776133333333335 0.39192837499999966 0.41699971428571403 0.41995450000000095 0.5153274000000011 0.46728450000000066 0.5334596666666678 0.637167000000003 0.6744130000000036 
0.2532777857142851 0.5109054615384607 0.7153432499999989 0.8566376363636359 1.253311399999999 1.6615103333333328 1.8426005 2.0842005714285725 2.4733291666666677 2.5407988000000032 2.633633000000004 2.9893523333333385 4.194392500000005 3.9572809999999996 
0.11582638461538447 0.2587489999999997 0.43433381818181827 0.5646690000000003 0.5966825555555562 0.6079980000000003 0.5530668571428572 0.5289296666666661 0.4169433999999994 0.45952949999999965 0.6822613333333329 0.8670619999999993 0.9673810000000012 
0.05752311111111126 0.1045435000000001 0.20887928571428568 0.40057033333333397 0.5283114000000005 0.8238540000000011 1.1154863333333342 1.241518000000001 1.9758440000000013 
0.1458230909090908 0.2895075000000001 0.3565688888888892 0.37282087500000016 0.3683741428571428 0.5616386666666673 0.7282994000000014 1.1291337500000007 1.5275400000000001 1.6443944999999998 1.9382500000000014 
0.07688292307692293 0.1427521666666666 0.13958681818181806 0.20184800000000017 0.2981059999999999 0.38550899999999966 0.4054844285714284 0.4365386666666669 0.46237600000000034 0.5613595000000005 0.5862536666666671 0.25501700000000027 0.09034000000000109 
0.08584799999999959 0.19932576470588148 0.32697031249999864 0.4488956666666652 0.5033932857142845 0.5906820769230761 0.7222239166666662 0.8310858181818168 0.8633549999999988 0.9948904444444431 1.2234684999999972 1.4960892857142831 1.8117604999999959 2.1486755999999962 2.702446749999993 3.281367666666658 3.6117309999999865 4.467015999999981 
0.04535554545454546 0.09613099999999986 0.1681201111111106 0.21666862499999948 0.31444999999999906 0.37551466666666666 0.43219919999999895 0.5098772499999994 0.6708716666666655 0.8994369999999995 0.982776999999998 
0.07192184615384642 0.15596116666666765 0.20912581818181958 0.2983641000000017 0.325810888888891 0.3092130000000014 0.2942068571428574 0.3385230000000008 0.4738636000000005 0.7072877500000007 1.064335333333336 1.6637030000000057 2.112980000000005 
0.058552846153846184 0.1407733333333334 0.17868436363636372 0.1716124 0.15988644444444425 0.13125937499999946 0.12616557142857127 0.14212483333333353 0.16012800000000021 0.19445999999999974 0.17427266666666621 0.0972649999999983 0.13803299999999732 
0.0805179000000004 0.15219600000000075 0.17568237500000047 0.2309061428571432 0.23562249999999968 0.22394820000000015 0.2947732500000008 0.4558176666666679 0.47983300000000007 0.6523690000000013 
0.0635325555555553 0.1078022500000001 0.10611199999999987 0.11393266666666649 0.05893620000000034 0.10601449999999966 0.20303333333333343 0.3131730000000014 0.4241450000000023 
0.021199785714285452 0.049090846153845805 0.0663954999999994 0.08310318181818115 0.09743109999999913 0.0864794444444439 0.04532937499999964 0.02542928571428551 0.02126916666666659 0.026773399999999906 0.03489924999999977 0.0671633333333326 0.15289749999999824 0.19918900000000067 
0.06132263636363635 0.1040844000000008 0.12662000000000048 0.0899962500000002 0.12104628571428593 0.0943775000000008 0.10414080000000006 0.05907399999999996 0.016393333333333586 0.05596500000000082 0.17898500000000192 
0.05962364285714276 0.16607553846153866 0.30271141666666734 0.49554136363636475 0.7278172000000014 0.9989930000000016 1.301799125000002 1.6489644285714302 1.926061166666667 2.139569600000001 2.3253772500000007 2.3581583333333342 2.1864849999999993 1.848025000000003 
0.03909837500000011 0.09173080000000022 0.120843285714286 0.15241892307692315 0.1775711666666661 0.18424381818181804 0.21480119999999997 0.22854566666666698 0.1962728749999994 0.23440428571428504 0.3208806666666658 0.31604160000000014 0.33916500000000094 0.43048533333333433 0.5210379999999994 0.6729699999999988 
0.019081999999999818 0.04171399999999987 0.06316766666666648 0.10408774999999947 0.14158571428571365 0.1745983333333331 0.24489479999999997 0.3106509999999999 0.30859966666666716 0.3175689999999995 0.3156639999999993 
0.18421416666666604 0.3631033636363629 0.5618473999999993 0.6311958888888878 0.6544134999999986 0.7753009999999974 0.8979598333333325 0.8478572000000022 0.9048177500000038 0.8004333333333371 0.9871195000000025 1.3811220000000013 
0.05474822222222268 0.10627575000000082 0.13661171428571509 0.13143616666666766 0.09412500000000078 0.05739924999999999 0.01824266666666642 0.015869999999999867 0.009472000000000072 
0.07952333333333352 0.134665875 0.2295131428571423 0.367210333333333 0.5446311999999996 0.6255460000000008 0.6823946666666698 0.6082125000000016 0.6534400000000077 
0.11211920000000047 0.2510850714285722 0.32491253846153895 0.35394583333333324 0.37181963636363746 0.35725630000000164 0.27830044444444524 0.360546125 0.5100971428571428 0.5858478333333335 0.5030680000000011 0.37326850000000167 0.257015000000001 0.006581500000000054 0.003969999999999848 
0.05755330769230757 0.11538858333333335 0.11831027272727289 0.10693500000000017 0.1369360000000003 0.1635192500000006 0.17477700000000068 0.2495696666666678 0.33154440000000135 0.3787350000000008 0.3665683333333336 0.3422555000000002 0.5880649999999968 
0.09945623076923109 0.2028375000000008 0.28910790909090955 0.3186226000000003 0.36910366666666683 0.38451525000000036 0.2990485714285717 0.22776533333333293 0.2398921999999999 0.28907649999999996 0.1966583333333331 0.37528600000000156 0.6294009999999994 
0.039181400000000054 0.09043064285714292 0.10623107692307698 0.11892100000000005 0.10462827272727289 0.11167759999999989 0.15338100000000052 0.15713287500000006 0.17546957142857014 0.2021103333333329 0.22082139999999928 0.2592414999999997 0.3485873333333348 0.5728624999999997 0.7513369999999955 
0.031551294117646886 0.08885624999999958 0.13293339999999942 0.14604657142857105 0.16558661538461505 0.20072783333333288 0.20930436363636354 0.18237460000000025 0.15160700000000074 0.14788525000000055 0.16191428571428595 0.16844200000000004 0.1376284000000002 0.060541999999999624 0.04100833333333285 0.0998619999999992 0.12016999999999958 
0.13477236363636394 0.2634203999999988 0.3284519999999993 0.34286112499999927 0.2877665714285711 0.27609066666666726 0.42906039999999895 0.6641657499999989 0.8201093333333311 1.0998029999999996 0.8525959999999977 
0.10474414285714236 0.22731261538461475 0.28644174999999944 0.33245899999999884 0.35472689999999907 0.35978877777777757 0.39650649999999926 0.385749428571428 0.517029833333333 0.7218917999999995 1.0837117499999982 1.349094333333331 1.479649999999998 1.7184039999999954 
0.09293863636363686 0.20860170000000147 0.2415602222222237 0.1926900000000014 0.21581728571428707 0.27348966666666785 0.2366722000000015 0.3543665000000013 0.6048900000000019 1.0020225000000034 0.9936610000000031 
0.03055219999999914 0.06253855555555446 0.10543837499999872 0.1673522857142838 0.20787833333333133 0.23908879999999813 0.27978849999999744 0.2452743333333333 0.26857749999999825 0.4472099999999952 
0.07508900000000021 0.1836336923076922 0.2967788333333323 0.3583612727272716 0.39972469999999904 0.4424803333333327 0.5037321249999981 0.5333452857142839 0.5358241666666639 0.5074289999999984 0.44894249999999913 0.3591293333333323 0.32961299999999977 0.7670659999999994 
0.08746606666666659 0.1816131428571427 0.30114976923076897 0.31257741666666633 0.27892045454545433 0.21644629999999987 0.18729566666666653 0.2672514999999999 0.3775889999999998 0.5166934999999998 0.559493 0.57591675 0.5364516666666665 0.4016510000000001 0.24230900000000025 
0.10778430769230757 0.2055885833333333 0.20990145454545478 0.1585009000000004 0.1837435555555558 0.23386637500000035 0.2779950000000002 0.18322583333333298 0.09675559999999973 0.1368747500000005 0.18485266666666783 0.34796750000000176 0.34048400000000345 
0.12106816666666645 0.23289099999999976 0.2868409999999998 0.3950411111111105 0.5245499999999996 0.6240661428571432 0.6503828333333334 0.616118 0.796997999999999 1.367689999999998 1.8138925 1.1629700000000018 
0.13275813333333325 0.2800679285714286 0.4513444615384618 0.5898889166666668 0.5609092727272729 0.6315213000000004 0.6664174444444448 0.7156333750000001 0.7418084285714286 0.7554721666666668 0.8010404 0.46905325000000025 0.31741133333333316 0.23106349999999964 0.053800000000000237 
0.025907428571428595 0.0531554615384616 0.08771200000000007 0.1265822727272729 0.1759840000000002 0.22942822222222245 0.2480945000000002 0.26622914285714305 0.23514400000000013 0.2346568000000002 0.2260397500000001 0.1631326666666667 0.1391925000000003 0.1620020000000003 
0.10246384999999997 0.2583941578947367 0.431471722222222 0.6077235882352939 0.7419415624999998 0.8009436666666664 0.9140890714285713 0.9804877692307692 1.106889916666666 1.2180241818181807 1.253358199999999 1.2741467777777769 1.288069124999999 1.2467864285714279 1.4037615000000003 1.6697878000000004 1.6554292499999996 1.6801490000000006 1.9433685000000005 2.1083570000000003 
0.04504257142857147 0.10653630769230764 0.15401716666666665 0.20368909090909113 0.2314002000000003 0.23600300000000027 0.2512870000000005 0.273277142857143 0.2360978333333336 0.15176800000000024 0.08062300000000022 0.09471066666666657 0.09474900000000001 0.1303200000000006 
0.09809022222222218 0.18369562499999986 0.20280814285714274 0.20803100000000013 0.1959076000000005 0.2097365000000006 0.10435299999999995 0.03913950000000047 0.06641000000000054 
0.16930700000000015 0.35238929999999985 0.589116 0.8060738750000002 1.1512944285714293 1.5165001666666673 2.0605218000000014 2.5737542500000026 3.0613486666666714 2.8928955000000034 2.831737000000004 
0.06917015384615359 0.1439645833333334 0.2123255454545454 0.22499190000000002 0.24242555555555545 0.275364875 0.25399414285714306 0.19604283333333378 0.13421960000000058 0.12180124999999953 0.07386299999999973 0.1495844999999984 0.15571999999999953 
0.05085799999999986 0.10827190000000007 0.20396577777777788 0.23449500000000023 0.27684271428571416 0.2825651666666664 0.4038953999999997 0.5545974999999996 0.8897566666666658 0.962261499999999 1.1024799999999975 
0.12169721428571445 0.2846162307692309 0.3944595833333336 0.5672937272727279 0.8013964000000009 1.038891666666668 1.1955401250000015 1.3242784285714295 1.2080961666666679 1.1963560000000022 1.171334250000002 1.0073110000000025 0.5880185000000014 0.2030290000000009 
0.1203209999999999 0.20911530000000017 0.3282076666666667 0.44674062499999945 0.5467082857142845 0.663748666666665 0.9422639999999985 1.4511692499999982 1.7169783333333304 2.2358634999999936 2.055032999999991 
0.008722583333333311 0.01823445454545441 0.01844789999999993 0.020969333333333135 0.015375499999999952 0.014881571428571435 0.02170983333333339 0.027599599999999905 0.030354500000000152 0.033511666666666586 0.03020850000000032 0.038125000000000644 
0.0043491111111111655 0.00758037500000006 0.012636142857142964 0.018476666666666884 0.03224640000000027 0.036538500000000286 0.04576633333333374 0.04426750000000031 0.072482000000001 
0.03936129999999982 0.06905022222222204 0.06923737500000013 0.07817600000000026 0.0950655000000002 0.10188940000000041 0.09575299999999948 0.0986836666666664 0.079689 0.10839700000000019 
0.1111498000000001 0.22963622222222232 0.34320312500000016 0.5324328571428576 0.7421735000000007 1.0708146000000007 1.4161260000000007 1.6051310000000005 2.090942 1.9281700000000002 
0.1585502000000003 0.3296078888888895 0.5311747500000001 0.7524195714285709 0.7566208333333326 0.8860001999999995 0.6463547499999989 0.5711586666666657 0.7462974999999996 0.45840800000000104 
0.07606611111111104 0.1186161249999999 0.14780471428571423 0.19750166666666613 0.2997391999999991 0.3879264999999989 0.6477096666666654 0.7298354999999984 0.8745049999999991 
0.029839090909091013 0.0521176000000002 0.05858355555555558 0.059546874999999846 0.04956114285714284 0.0758715 0.09402640000000013 0.08085774999999983 0.1022333333333332 0.07751299999999947 0.09961999999999917 
0.0661907999999999 0.1501023571428569 0.21731207692307664 0.24686283333333314 0.25411672727272694 0.26232919999999976 0.3065414444444441 0.4081086249999997 0.4970521428571424 0.5101586666666663 0.4041959999999997 0.3284175000000002 0.39392633333333327 0.4567254999999996 0.5619139999999986 
0.07107321052631586 0.17806033333333335 0.2361901764705883 0.2807330624999998 0.3277590666666664 0.3551964285714284 0.34830476923076903 0.3092823333333333 0.29353400000000057 0.2968501000000012 0.32705688888888945 0.38657000000000014 0.47772571428571436 0.6508589999999996 0.8624531999999997 0.9859297500000005 1.3581716666666692 1.961652000000002 2.134885000000002 
0.14035104761904768 0.38077660000000013 0.6317612631578952 0.8022455555555561 0.9253128823529422 1.1149121875000003 1.3053256666666675 1.3995917142857148 1.4250986153846161 1.2632777500000003 1.1022820000000004 0.9187399000000002 0.7198937777777775 0.5819422499999996 0.34984299999999985 0.23152483333333357 0.2546901999999998 0.2444739999999993 0.23723799999999928 0.12410100000000007 0.09851400000000038 
0.15139254545454592 0.2622251999999996 0.3356320000000001 0.3543652499999993 0.3488864285714286 0.16110316666666727 0.17278820000000078 0.19274700000000006 0.3068760000000008 0.49047900000000155 0.6190600000000009 
0.07936583333333354 0.15969254545454553 0.2553977000000003 0.4051442222222227 0.4477216249999999 0.45352328571428524 0.41614716666666596 0.20834339999999904 0.253401999999998 0.3055636666666635 0.3876929999999974 0.49516999999999467 
0.12499743750000013 0.29416393333333335 0.4230694999999998 0.49871561538461545 0.5474671666666667 0.6872200909090911 0.8764349000000001 1.0205844444444443 1.1933972499999999 1.3064789999999986 1.3833394999999993 1.7165767999999997 2.01404675 2.1845456666666636 2.5031604999999946 2.009676999999987 
0.1229190833333328 0.29426099999999994 0.5161542999999993 0.7560239999999983 0.8070359999999979 0.7837462857142834 0.5805026666666653 0.4451279999999983 0.1751560000000001 0.23095033333333476 0.3972945000000022 0.2777690000000041 
0.046046333333333606 0.0773126250000009 0.05729400000000033 0.05244916666666673 0.0519584000000001 0.046281250000000315 0.09442333333333355 0.10448349999999945 0.012104999999999531 
0.11225011111110997 0.19899512499999794 0.14477157142857064 0.15864133333333277 0.19620699999999908 0.19347999999999937 0.3050489999999998 0.2963885000000003 0.07766500000000148 
0.10442254545454559 0.2253544000000005 0.32559766666666706 0.4654103749999997 0.4210869999999991 0.5274281666666655 0.599811399999999 0.569122249999999 0.8082649999999987 1.283425000000001 1.683604000000002 
0.0383033124999997 0.08229313333333321 0.09135114285714292 0.10577676923076913 0.11068508333333384 0.14869100000000027 0.18520109999999956 0.2353593333333331 0.2917422500000001 0.3286212857142848 0.3756498333333328 0.37361379999999955 0.36151499999999637 0.33917066666666545 0.642092499999998 1.1401649999999894 
0.14478277777777795 0.24637812500000034 0.2624595714285716 0.3595498333333321 0.45820359999999954 0.5333212499999982 0.7481023333333305 1.0344054999999972 2.259925000000008 
0.12694116666666558 0.2755185454545447 0.41850149999999914 0.6985951111111105 1.057623874999999 1.4143721428571423 1.8643611666666637 2.0825693999999992 2.142647999999999 2.4224983333333316 3.241944999999998 3.7410279999999934 
0.12438477777777825 0.23846612500000108 0.2767538571428574 0.4138151666666668 0.6513912000000013 0.7330442499999985 0.7331583333333311 0.8685915000000006 0.9261089999999996 
0.11920680000000079 0.20790922222222286 0.275809125000001 0.4666068571428587 0.676377500000002 0.7769734000000026 0.922640000000003 1.2036156666666709 0.9105305000000008 1.0137320000000056 
0.1442059090909074 0.31786699999999835 0.42765844444444284 0.5303929999999994 0.6681022857142843 0.8043178333333328 1.0216687999999992 1.1929944999999964 0.9756346666666664 0.6203339999999985 0.5492569999999956 
0.09799500000000005 0.17181690000000044 0.11855688888888892 0.1387270000000001 0.21539171428571374 0.2012365000000004 0.16186840000000166 0.1256665000000007 0.18641066666666678 0.08979750000000039 0.25894099999999837 
0.09861483333333339 0.1898235454545455 0.34803870000000003 0.5664564444444445 0.7903605000000002 1.1658472857142863 1.4772691666666677 1.6178944000000006 1.9170825000000007 2.1616996666666672 2.402149500000001 2.0318180000000012 
0.02521243749999991 0.059931066666666616 0.09380092857142874 0.1313196153846157 0.15832650000000037 0.1754500000000006 0.17366010000000032 0.14390266666666654 0.13204924999999984 0.11706242857142848 0.12608266666666695 0.1415380000000005 0.17226625000000018 0.2209543333333332 0.262323000000001 0.3460410000000039 
0.15785841666666672 0.28345545454545457 0.43514750000000124 0.6540185555555572 0.9455287500000017 1.307900000000003 1.5303073333333361 1.8092220000000034 1.8869482500000032 1.9887616666666708 2.7668430000000024 2.9678689999999985 
0.03021608333333351 0.05661018181818222 0.07134950000000037 0.10021633333333357 0.10564450000000036 0.13079185714285782 0.1737865000000013 0.21378280000000116 0.29681075000000123 0.3969263333333344 0.319879 0.41413700000000164 
0.16997599999999974 0.34595858333333346 0.5239044545454542 0.6100779000000002 0.6806668888888895 0.733640250000001 0.7806915714285723 0.6238776666666677 0.5936516000000011 0.39372175000000137 0.5423596666666671 0.41939849999999756 0.5485219999999986 
0.12922850000000005 0.2564647777777783 0.42928275000000066 0.6142880000000007 0.8724558333333341 1.029643000000001 1.2174885000000009 1.3701526666666672 1.4733025000000004 1.2407290000000004 
0.08612041666666662 0.18340281818181753 0.3002289999999988 0.42011477777777595 0.512644999999998 0.637375714285712 0.8459299999999974 0.8806707999999971 0.887072749999998 0.9465186666666654 1.1180204999999979 1.1634009999999941 
0.10595290909090958 0.2371647000000003 0.367773444444445 0.5395342500000017 0.7926575714285733 0.9868820000000019 1.3767238000000024 1.8002925000000052 2.0552429999999995 2.186437500000002 2.5702660000000144 
0.09691127777777767 0.24719999999999995 0.46524843749999995 0.7160374666666665 0.9678576428571428 1.2120410769230763 1.4566224166666661 1.7658139999999993 2.0889002 2.4062802222222213 2.7401709999999984 2.9061949999999985 3.2735619999999988 3.7358010000000004 4.038988 4.56584566666667 4.864881000000006 4.975681000000013 
0.05919523076923076 0.14633066666666666 0.23689999999999997 0.2718612000000001 0.3032580000000001 0.41904962500000004 0.5018392857142858 0.6109388333333331 0.6154019999999998 0.779539 1.1806179999999997 1.5992409999999995 2.2783060000000015 
0.07776376923076916 0.14570024999999975 0.2141183636363634 0.24667529999999982 0.1841265555555553 0.19452349999999963 0.18902199999999988 0.23720633333333277 0.25624179999999935 0.17291874999999957 0.097408666666666 0.16283049999999977 0.34039299999999817 
0.15486009090909067 0.29945519999999937 0.4954225555555548 0.7194228749999995 0.8361668571428573 1.091096 1.3059863999999999 1.4027652499999996 1.6034796666666669 1.7308549999999998 1.427049 
0.09785354545454598 0.17469640000000133 0.2106327777777783 0.24053200000000072 0.30480714285714366 0.361561000000001 0.39524960000000153 0.41119750000000177 0.4162143333333355 0.35384499999999997 0.006064999999999711 
0.12140710000000038 0.20256155555555658 0.17895274999999958 0.3546409999999998 0.44984866666666756 0.46590199999999965 0.6855807500000008 0.7253440000000015 0.5089989999999991 0.5634969999999961 
0.04447109090909052 0.08752889999999941 0.147160777777777 0.22380399999999828 0.3091932857142841 0.33710566666666597 0.3735786 0.499318499999998 0.7148503333333319 0.8216625000000002 1.4608179999999944 
0.07949828571428603 0.2000492307692317 0.3709200000000007 0.5693776363636367 0.8015609000000001 1.0247312222222225 1.2846573750000003 1.4054175714285713 1.5959875000000008 1.7215950000000015 1.7746635000000028 1.6612166666666681 1.5428210000000022 1.9148320000000008 
0.13336609090909068 0.2551491999999999 0.2933324444444437 0.37772474999999867 0.4363662857142852 0.5673090000000005 0.6835536000000006 0.5388260000000012 0.426473333333334 0.36668099999999865 0.15448099999999856 
0.0783300000000003 0.14414111111111172 0.17383950000000029 0.21303042857142887 0.2660196666666652 0.3695775999999973 0.583180749999998 0.7974786666666651 1.1457289999999984 1.3497999999999966 
0.062433000000000294 0.1471169090909093 0.24664630000000054 0.3326032222222229 0.46611750000000046 0.711817285714286 1.0001581666666672 1.0863980000000006 1.3612867500000034 1.7414123333333382 2.226566000000005 2.841570000000015 
0.12547779999999997 0.2687880000000001 0.4275044615384617 0.6111327500000009 0.8558300000000021 1.134165000000002 1.3639944444444465 1.543285625000002 1.669339428571428 1.8985009999999982 2.0674815999999967 2.188624249999999 2.1305639999999992 1.6385309999999995 0.8122210000000015 
0.07878666666666681 0.13997887499999973 0.28508157142857066 0.379454499999999 0.5251663999999986 0.6558797499999987 0.6969569999999983 0.6491504999999977 0.4760020000000002 
0.11862239999999956 0.20488111111111088 0.3047362499999991 0.47794128571428396 0.6416839999999981 0.7898515999999991 0.9299997499999986 1.109150666666664 1.5028499999999996 2.022793999999991 
0.15134600000000045 0.2472917500000003 0.4510302857142864 0.5850090000000002 0.8234326000000003 0.9681230000000015 1.4085693333333371 1.6736850000000039 1.7711620000000028 
0.022854222222222203 0.040762000000000013 0.06263285714285725 0.08515083333333347 0.11272320000000056 0.13400625000000063 0.21878333333333472 0.29308200000000145 0.30403600000000175 
0.05982110000000054 0.10265522222222247 0.16119100000000078 0.2200501428571432 0.2966035000000009 0.2989013999999998 0.2807547500000005 0.20518399999999962 0.4223125000000001 0.49418499999999954 
0.10032528571428512 0.21195399999999873 0.3129327499999983 0.4427816363636349 0.6233271999999976 0.7816477777777746 0.9061591249999955 1.0464867142857097 1.3010759999999952 1.583029199999995 1.6685759999999956 1.6555329999999977 2.0943449999999997 2.9883619999999858 
0.09797564285714293 0.2307806923076929 0.32550341666666716 0.33000745454545444 0.34440289999999946 0.40615866666666695 0.4022508750000009 0.28007985714285794 0.16055166666666715 0.1504534000000006 0.3178720000000004 0.47252766666666624 0.6566594999999998 0.6147010000000014 
0.07805655555555648 0.1380687500000011 0.22199971428571566 0.2618681666666685 0.3333596000000008 0.4327592500000015 0.4919060000000004 0.43963900000000133 0.3868849999999998 
0.10060088888888913 0.19191025000000148 0.34760671428571693 0.4530846666666693 0.4620120000000017 0.5237120000000005 0.5364203333333353 0.8976630000000045 1.0226000000000044 
0.13575462500000035 0.3103367333333334 0.5689702142857144 0.7282454615384616 0.9326172499999998 1.0623491818181816 1.2485992000000001 1.4108835555555554 1.7098222499999993 1.7439257142857132 1.558814499999999 1.2515106 1.1944157499999997 1.1638329999999995 1.4090794999999985 1.115539999999999 
0.11717827272727288 0.22079470000000034 0.29577822222222255 0.28453775 0.31463499999999966 0.3153383333333335 0.26815460000000063 0.31146900000000033 0.5476639999999993 0.6836104999999985 0.6761250000000002 
0.04451153846153866 0.11327975000000057 0.17352754545454577 0.21068410000000057 0.20536644444444474 0.1884652500000002 0.2066261428571429 0.1926939999999996 0.20254319999999898 0.2854272499999995 0.44910699999999976 0.5495675000000009 0.5868739999999981 
0.09647709999999993 0.18268399999999962 0.31765637499999994 0.3303409999999998 0.3848031666666663 0.39294059999999975 0.4668362500000003 0.3605063333333338 0.3287430000000039 0.15762500000000154 
0.19254133333333337 0.35400462499999946 0.6868515714285703 0.9930186666666665 1.4234246 1.9498404999999992 2.5843503333333318 3.240229499999993 3.771267999999998 
0.2009269166666663 0.3896991818181816 0.5386909000000001 0.7463664444444442 0.9516433749999995 1.1614079999999989 1.2094550000000006 1.4554906000000014 1.4064670000000017 1.1600523333333352 1.0768425 1.0413650000000003 
0.12501663636363594 0.22257059999999967 0.4506911111111104 0.7638162499999989 1.131176714285713 1.6635821666666644 2.0568569999999977 2.578770999999996 2.5518233333333287 2.6983129999999953 2.7671169999999936 
0.11570354545454545 0.21510229999999964 0.3005162222222218 0.3604131250000001 0.49496185714285773 0.6392836666666671 0.8305478000000005 1.1565457499999998 1.393792666666665 1.3150444999999955 1.0417969999999936 
0.10532094444444452 0.25373729411764734 0.39723368750000054 0.45017673333333386 0.5384666428571436 0.6909877692307705 0.8643913333333347 0.8760156363636379 0.8627729000000013 0.823556777777779 0.8631317500000019 0.9375274285714301 1.0817595000000009 1.2361106000000015 1.4154522499999995 1.554176333333332 1.5246049999999984 1.743677000000002 
0.06849830000000044 0.11519455555555587 0.16403387500000072 0.27447542857142937 0.3980706666666674 0.45263120000000145 0.6720185000000021 0.7493196666666685 0.8343875000000011 0.7334649999999966 
0.154156692307692 0.33881683333333346 0.5913564545454542 0.7879713 0.8726407777777777 0.8599638749999998 0.5849568571428555 0.5084431666666653 0.5542365999999996 0.8525442499999988 1.3540583333333311 1.8699849999999985 2.073221 
0.1537923125000009 0.33372233333333307 0.506223642857142 0.5916097692307689 0.5372284999999994 0.45365518181818204 0.5258045000000015 0.5710454444444458 0.7111016250000004 0.9520604285714277 1.1720491666666657 1.0827351999999986 0.8390807499999989 0.4687923333333337 0.4274935000000016 0.4639810000000044 
0.05005799999999976 0.08136255555555519 0.08205524999999986 0.07080171428571409 0.0920264999999994 0.12465299999999942 0.12840949999999932 0.16047199999999928 0.24298049999999732 0.4176819999999958 
0.09145390909090903 0.19525629999999994 0.2781895555555554 0.3746292499999997 0.4525215714285713 0.5252688333333331 0.6574426 0.7302184999999999 0.8132726666666659 0.5983604999999993 0.27900499999999845 
0.03239777777777767 0.0828172352941175 0.11743481249999982 0.14464726666666655 0.18659699999999993 0.2393106923076924 0.25365299999999996 0.27374990909090896 0.2962040999999999 0.2999547777777777 0.32675162500000016 0.3550508571428573 0.32363716666666575 0.37049319999999875 0.39215374999999797 0.3538663333333306 0.2532464999999979 0.28398399999999807 
0.09359141666666662 0.18223054545454545 0.24830010000000036 0.29114655555555646 0.30584637500000056 0.3997350000000008 0.5273558333333331 0.5464381999999999 0.6665117500000004 0.8193056666666658 1.3045370000000003 2.1669289999999997 
0.07031681818181806 0.13443809999999995 0.14590100000000075 0.1639175000000007 0.19384914285714328 0.1324146666666669 0.08859080000000019 0.1112554999999998 0.023353666666665995 0.025955499999999486 0.009168999999999709 
0.13887128571428511 0.3188833846153841 0.5641811666666667 0.795271636363637 1.0263342 1.145456888888889 1.237884124999998 1.2686709999999974 1.3029476666666628 1.3488411999999954 1.1650759999999973 0.8986806666666667 1.1711860000000018 1.212776000000004 
0.2237474999999987 0.4253554444444424 0.49019299999999844 0.7489595714285696 1.0666456666666662 1.3919439999999998 1.4680417500000007 1.4082393333333372 1.544469500000007 2.09058100000001 
0.07099658333333309 0.12450281818181795 0.18584829999999997 0.2561733333333333 0.32265699999999975 0.35115842857142837 0.36814016666666666 0.3392604000000001 0.2609860000000002 0.2573436666666678 0.32409450000000095 0.13456900000000152 
0.08545138461538435 0.18647958333333287 0.29353881818181743 0.31944609999999907 0.3489167777777768 0.33289799999999903 0.2706568571428566 0.15365133333333306 0.1645426000000004 0.2576217500000001 0.281131666666668 0.3432085000000021 0.34660000000000113 
0.03540746666666655 0.08257899999999953 0.1027493076923072 0.09640433333333329 0.08184209090909135 0.0793835000000005 0.0829386666666665 0.08902549999999958 0.08123028571428553 0.06029350000000057 0.0463746000000007 0.02694600000000002 0.016006333333333247 0.006475000000000194 0.014920000000000799 
0.042524076923076276 0.07878666666666599 0.07496572727272661 0.05495059999999894 0.04144811111111071 0.057232374999999246 0.10114771428571281 0.08309616666666556 0.05256179999999953 0.02840849999999943 0.014158333333332754 0.04162199999999901 0.09497300000000197 
0.08575927777777802 0.2149251176470591 0.3076256875000002 0.4271413999999996 0.5950849999999994 0.7246297692307682 0.848983999999999 1.0316794545454533 1.2346784999999987 1.4149845555555531 1.4535307499999992 1.5463411428571425 1.5382321666666672 1.3952620000000007 1.2058872500000006 1.311435666666668 1.660808500000003 2.1195410000000066 
0.10500437500000018 0.2415119999999997 0.426576714285714 0.5803876923076915 0.7440392499999993 0.8915602727272717 1.0121903999999997 0.9609618888888889 0.7991218750000006 0.7032600000000008 0.6472948333333354 0.5652354000000013 0.33869200000000066 0.2986106666666673 0.45896100000000006 0.7957279999999977 
0.11067111111111114 0.19302850000000069 0.2530978571428573 0.2822748333333336 0.28262600000000065 0.27419774999999924 0.22686566666666666 0.2520330000000003 0.25204999999999983 
0.08186984615384614 0.18714124999999995 0.27812618181818166 0.4534251999999998 0.697161555555555 0.9746456249999993 1.2263962857142854 1.4665791666666657 1.6725655999999987 1.7731314999999996 1.8141586666666663 1.8406454999999997 1.8022719999999963 
0.11389438888888885 0.2622128235294117 0.42810618750000035 0.6073572000000005 0.7684171428571435 0.8760446153846162 0.9698790000000003 0.9425656363636374 0.7863217000000002 0.5741261111111113 0.4380684999999994 0.3053440000000005 0.35561633333333265 0.4782875999999995 0.4066214999999995 0.45936500000000047 0.6317909999999988 0.9048250000000015 
0.09093536363636393 0.1792326000000009 0.15787744444444549 0.17264700000000102 0.17267185714285793 0.22629416666666805 0.3149098000000015 0.27357600000000054 0.15927299999999944 0.3207530000000002 0.8668609999999984 
0.1201445833333332 0.2848888181818179 0.3787691999999997 0.3767762222222218 0.33210899999999954 0.2355658571428568 0.15608316666666672 0.26851640000000015 0.3668925000000003 0.3031153333333339 0.10409350000000053 0.06323299999999983 
0.11624007142857147 0.2327099230769231 0.27418825000000036 0.24146481818181847 0.28339440000000055 0.3828886666666674 0.39590575000000044 0.3210417142857145 0.3678096666666665 0.6018740000000005 0.7684722500000016 0.6783236666666672 0.6933955 0.3546890000000003 
0.15116754545454567 0.3042392000000004 0.3858806666666667 0.4056934999999994 0.39246457142857155 0.49209033333333396 0.41624279999999936 0.42685749999999795 0.7155099999999974 1.3331189999999986 1.535705 
0.16958172727272827 0.28539870000000106 0.4070496666666675 0.4641986249999994 0.4161411428571429 0.32035316666666597 0.30219319999999916 0.4324462499999982 0.6246876666666612 1.141377499999995 1.536228999999999 
0.15572157142857146 0.33038423076923146 0.4353049166666672 0.40647927272727336 0.5600145000000006 0.6592875555555563 0.815906500000001 0.939506857142858 1.2421890000000007 1.5643082000000024 1.7629645000000025 2.2825910000000036 3.6481485000000053 5.557786000000011 
0.11998042857142863 0.23390446153846176 0.3500802499999998 0.45860918181818167 0.49853060000000043 0.4774615555555565 0.5149226250000017 0.6229215714285731 0.7289743333333345 1.0471672000000012 1.4168067500000023 1.7457783333333357 1.8196650000000003 2.016580000000001 
0.07403566666666653 0.1499738181818178 0.2610149999999994 0.4041212222222212 0.5947209999999985 0.7843519999999988 1.010472999999998 1.2168607999999985 1.3123557499999983 1.3402599999999985 0.9434179999999992 1.013449999999998 
0.02207866666666661 0.03991037499999992 0.0478168571428572 0.05182816666666665 0.06073779999999959 0.061247749999999386 0.07192333333333299 0.12057250000000105 0.10522000000000088 
0.10640569230769273 0.2460215000000008 0.2981401818181833 0.37798320000000196 0.4304431111111123 0.4628476250000011 0.4273375714285735 0.3604848333333345 0.27855439999999976 0.08123699999999989 0.020503999999999745 0.04226599999999894 0.033513999999998316 
0.17596499999999957 0.38134186666666614 0.5754747857142855 0.9307311538461531 1.2849054166666656 1.5568143636363614 1.681117399999996 1.8272261111111079 1.925662124999996 1.7850248571428515 1.9076713333333273 2.4938369999999943 2.983757249999993 3.4016523333333275 4.936436999999984 5.261799999999982 
0.13368431249999985 0.31086746666666626 0.5431682142857139 0.7511941538461533 0.875520583333333 0.9843847272727266 1.0248631 1.0681215555555552 1.2599699999999996 1.7238124285714278 2.5050626666666655 3.3895089999999986 4.336003999999998 5.132486333333331 5.511976999999998 5.548705 
0.13688422222222188 0.2217262499999993 0.25482042857142817 0.3848463333333328 0.42765739999999897 0.3298839999999993 0.48310433333333247 0.4062109999999991 0.14472999999999825 
0.1449891818181819 0.2446608 0.1955866666666666 0.19971699999999978 0.19460942857142843 0.18703999999999982 0.2117659999999999 0.21778500000000012 0.21037933333333292 0.32818299999999945 0.7119290000000001 
0.11908690000000029 0.23838355555555532 0.4723907500000002 0.723414285714286 0.939645833333334 1.233127800000001 1.4539880000000003 1.488186666666666 1.6228109999999982 1.453525 
0.06425881818181838 0.11029610000000041 0.13284155555555568 0.1745607500000001 0.16232085714285724 0.15164249999999957 0.19850040000000022 0.2530780000000001 0.3860139999999997 0.6725745000000011 1.0278489999999985 
0.09879881818181842 0.21880680000000005 0.38823411111111145 0.49308850000000054 0.6005318571428575 0.7065858333333344 0.8366182000000011 1.0997050000000024 1.6717530000000034 1.8869780000000023 2.4305650000000067 
0.21163063636363486 0.37710349999999826 0.5730972222222208 0.9180978749999978 1.3532139999999975 1.794601999999997 2.1862351999999974 2.3411947499999988 2.9388323333333286 3.3204944999999997 4.278865 
0.17481176923076885 0.42039358333333265 0.7760339999999989 1.188187599999999 1.4834687777777773 1.6930504999999998 1.6236721428571423 1.4503386666666658 1.2373121999999999 1.1365229999999993 0.9030053333333332 0.7490585000000003 0.9835810000000006 
0.08647600000000051 0.18163440000000133 0.2044987777777791 0.2725607500000014 0.3731358571428589 0.5084575000000029 0.7067494000000035 0.755830500000003 0.7203916666666702 1.1851440000000073 1.492816000000003 
0.0927810833333327 0.21614709090908946 0.2909450999999992 0.35481755555555533 0.3118182499999993 0.2998542857142847 0.27528599999999837 0.146923199999999 0.11404400000000095 0.17971166666666682 0.39100099999999915 0.976324999999999 
0.0671419230769232 0.1571599166666667 0.2402094545454545 0.31752780000000014 0.3386148888888888 0.4490342500000001 0.563513142857143 0.6690026666666666 0.8415944000000004 1.0866595000000003 1.3605033333333334 1.4296355000000007 1.3594090000000005 
0.09748150000000017 0.18783355555555548 0.17249012499999958 0.1470864285714282 0.1600774999999997 0.22174460000000018 0.1566732500000002 0.06942900000000035 0.14961700000000025 0.23238499999999987 
0.16942933333333332 0.30243309090909065 0.28135279999999957 0.3296067777777783 0.3838835000000005 0.3556117142857144 0.38659866666666703 0.32031920000000125 0.5501147500000008 0.9736633333333341 1.1702180000000002 0.986179999999999 
0.14444009090909077 0.29099310000000006 0.44808422222222255 0.5172754999999997 0.6970485714285711 0.9552981666666668 1.1819684000000001 1.3561135000000002 1.0247846666666682 0.7513885 0.5297849999999981 
0.08351029411764674 0.1874831875000002 0.31382039999999967 0.43898957142857103 0.5000602307692302 0.5468784166666661 0.5667368181818166 0.5136043999999983 0.5351925555555537 0.5738027499999988 0.7463532857142843 1.0076351666666659 1.2113209999999996 1.571852999999998 1.8834253333333317 2.262444499999995 2.392012999999991 
0.11118184615384588 0.26816458333333254 0.369140999999999 0.46889099999999967 0.6350548888888881 0.8706181249999988 1.062524714285714 1.209345833333332 1.4247831999999985 1.708628499999999 1.7023129999999984 1.6283625 1.459280000000008 
0.17806954545454498 0.3192725999999999 0.4441366666666666 0.53916175 0.613638142857143 0.9509293333333328 1.0264034 1.1219139999999994 0.9076199999999988 1.2639050000000003 2.3735649999999993 
0.14165950000000063 0.24418055555555584 0.3010441249999998 0.4284262857142851 0.5784201666666656 0.7436721999999995 0.9046295 1.4532583333333327 1.6537484999999967 1.2838329999999953 
0.1172966999999991 0.19433099999999956 0.29632762499999926 0.3584387142857127 0.4288678333333325 0.6534653999999991 1.0460947499999973 1.3128749999999965 1.4868074999999972 1.6924689999999967 
0.06736533333333315 0.11464962499999967 0.09049928571428557 0.10713699999999989 0.07537600000000014 0.143468 0.1710489999999996 0.11028349999999985 0.28704999999999925 
0.018869666666666677 0.03089187499999997 0.01789185714285706 0.027396166666666617 0.028232399999999932 0.026846749999999916 0.06602366666666651 0.08251649999999996 0.05030500000000038 
0.12888100000000033 0.2938836250000007 0.469897466666667 0.7210399285714288 1.0592360769230773 1.4453999166666671 1.9257731818181822 2.552647700000001 3.057452222222223 3.6679596250000013 4.120329285714287 4.714586166666667 5.281603799999999 5.804046749999998 5.986155999999998 5.018489999999997 3.976405000000004 
0.05661349999999982 0.14659684615384622 0.2934702500000001 0.4480704545454545 0.6494565999999993 0.8666125555555549 1.1819658749999984 1.5013595714285697 1.7555031666666645 2.031534799999997 2.341717249999998 2.576999 2.6932894999999983 2.9577969999999993 
0.096857052631579 0.269904555555556 0.4444556470588239 0.5527396875000005 0.6093233333333338 0.7347783571428572 0.9166276923076929 1.1675915000000008 1.305064727272728 1.4015924000000013 1.5107137777777788 1.7395070000000004 2.0369285714285716 2.2367618333333334 2.3391268000000003 2.6215142499999997 3.198472000000001 3.3524909999999997 3.4960499999999985 
0.14096835714285708 0.32796823076923093 0.47621316666666613 0.5785510909090907 0.6318038000000004 0.46748900000000065 0.4274093750000002 0.5490327142857135 0.6168084999999998 0.5260676000000005 0.5251920000000028 0.4835606666666717 0.45008250000000716 0.2725370000000079 
0.09673109090909095 0.2020898000000001 0.387028 0.5709924999999998 0.7110458571428567 0.8897333333333328 1.0968321999999986 1.1202334999999985 1.142556666666664 1.0591499999999971 0.9116899999999983 
0.06332861538461589 0.16123508333333386 0.265932272727273 0.33801280000000006 0.3848125555555558 0.47162950000000053 0.588394714285715 0.7502256666666677 0.9163738000000006 1.1346660000000006 1.264445666666667 1.3436504999999983 1.4136039999999985 
0.058620272727271924 0.11357449999999947 0.14452933333333304 0.11851150000000041 0.15555485714285802 0.191757333333335 0.27431000000000016 0.2624885000000011 0.2347600000000012 0.36796150000000016 0.9084889999999898 
0.02810585714285708 0.06080992307692307 0.09063041666666669 0.11897445454545455 0.1730479 0.21048933333333336 0.22962487500000014 0.28489585714285737 0.38021300000000013 0.4712093999999999 0.49696474999999973 0.6183169999999996 0.7827214999999981 0.8630899999999985 
0.08620413333333321 0.17360728571428527 0.32552807692307634 0.5322922499999991 0.7574440909090893 1.065886999999998 1.3477753333333309 1.7907243749999975 2.187579999999996 2.6543929999999953 3.049154599999996 3.497038249999996 3.9228176666666643 4.069560999999998 3.732195999999999 
0.12651925 0.2842727999999998 0.43377742857142837 0.548245076923077 0.581046333333333 0.6516567272727267 0.7503412999999994 0.8055917777777774 0.8391699999999993 0.9238887142857136 1.0586489999999986 1.0089039999999994 0.6549039999999985 0.46483533333333216 0.35613799999999807 0.2855119999999972 
0.0992826 0.206426111111111 0.3029486250000009 0.4422548571428585 0.7198431666666681 0.9549142000000022 1.1409505000000042 1.3503150000000042 1.4560635000000006 1.3747400000000096 
0.10248812499999985 0.2814234666666668 0.5337296428571435 0.752193615384617 1.0598160000000014 1.403312090909092 1.8517133000000006 2.3494870000000003 2.7831783750000003 3.100147571428572 3.2489071666666676 3.452602400000001 3.680406250000002 4.347167666666668 4.851811000000004 4.705994000000006 
0.10398074999999951 0.23628918181818143 0.34970829999999964 0.4593194444444438 0.4996249999999993 0.4851151428571427 0.41467766666666633 0.22232680000000027 0.2112872499999997 0.28860966666666604 0.32879750000000035 0.32791300000000095 
0.21154260000000039 0.4213097777777777 0.6662648749999999 0.9491084285714276 1.288593166666666 1.7250162000000016 1.688558750000002 1.4285530000000017 1.656467000000002 1.036369999999998 
0.05559750000000013 0.13768794117647076 0.21466356250000038 0.2821769333333342 0.336517857142858 0.4078096153846169 0.4291576666666684 0.45349118181818293 0.470122300000001 0.4917023333333348 0.46629637500000126 0.4036982857142871 0.3491085000000019 0.2811628000000019 0.2718820000000018 0.394764333333334 0.6775325000000028 0.8900690000000036 
0.11228509999999954 0.19342277777777708 0.25912949999999924 0.29537485714285694 0.2958546666666668 0.3842099999999995 0.5603894999999998 0.7400419999999995 0.7973635000000023 0.4215490000000047 
0.21316670000000043 0.3907643333333355 0.4977828750000032 0.7440848571428624 1.0006631666666719 1.3005598000000071 1.3796580000000092 2.069469666666678 2.9520375000000136 2.8927890000000076 
0.11062433333333385 0.19716025000000054 0.2305008571428575 0.2747554999999997 0.4132725999999993 0.6244987499999985 0.8380699999999998 0.7237399999999996 0.3854890000000011 
0.0713572222222219 0.1103513749999991 0.11267371428571242 0.06801283333333283 0.04417539999999983 0.08771224999999963 0.026387333333333436 0.004596500000000026 0.0034850000000004144 
0.11174207692307721 0.2521100833333337 0.3256936363636365 0.33479540000000024 0.2654313333333337 0.16013175000000043 0.14089928571428614 0.13370966666666673 0.27447840000000023 0.33226800000000045 0.451588666666666 0.5501544999999997 0.8887330000000004 
0.08268391666666718 0.1564464545454552 0.24763970000000057 0.3464660000000008 0.37362937500000076 0.3511928571428577 0.3228093333333343 0.27481500000000064 0.2729210000000004 0.19750699999999966 0.3216734999999995 0.5350050000000003 
0.09407037499999969 0.2144327999999993 0.35357071428571357 0.5145486153846145 0.6383196666666657 0.7676857272727271 0.9385070999999994 1.1339171111111106 1.3114192500000015 1.5339598571428588 1.801617500000002 2.2557716000000023 2.9280299999999984 3.7516013333333307 3.691513999999995 3.546153999999999 
0.12584490909090953 0.26768330000000023 0.19703599999999888 0.13565912499999888 0.15621185714285757 0.1930756666666681 0.17296820000000085 0.06553624999999956 0.021210666666666447 0.04835450000000113 0.12337000000000105 
0.06895518750000014 0.15544506666666696 0.17849792857142877 0.19738330769230789 0.2182821666666669 0.2611832727272728 0.3671501000000004 0.45938877777777826 0.4705286250000002 0.3683292857142859 0.432841666666667 0.5093172000000006 0.6557162500000008 0.7859836666666673 0.845159 0.9359889999999996 
0.10414072727272763 0.2267645000000007 0.23917655555555611 0.22564312500000017 0.26292557142857176 0.27371533333333387 0.2563526 0.1992482499999999 0.41744033333333413 1.0042115000000031 1.5409280000000019 
0.07870522222222215 0.12231824999999956 0.18797542857142824 0.24480816666666608 0.21647179999999935 0.22164874999999895 0.128665333333332 0.2575519999999986 0.37166499999999625 
0.19996522222222207 0.3704321249999998 0.7274885714285709 1.3010188333333323 1.9703585999999988 2.754499749999998 3.0731079999999977 3.5639294999999964 3.4299289999999947 
0.19655250000000019 0.42313880000000065 0.6824660000000007 0.8700106923076935 0.902912916666667 1.0331108181818185 1.2234373000000014 1.520402555555556 1.8983128749999998 2.1165552857142864 2.1917031666666653 1.9621761999999998 1.701126249999998 1.1181119999999982 0.8602130000000014 1.513684000000001 
0.010272909090909077 0.019068299999999996 0.018617222222222188 0.018918874999999863 0.01671057142857131 0.026464666666666643 0.0364588000000001 0.028644750000000302 0.01728100000000038 0.014966500000000087 0.025091999999999087 
0.15857033333333287 0.25355287499999896 0.1730212857142851 0.218685166666666 0.3073749999999989 0.25154624999999947 0.502541666666666 0.7526494999999975 1.2227849999999956 
0.10739849999999909 0.20812163636363593 0.2091804000000006 0.19044500000000014 0.1883977499999998 0.16884042857142892 0.18795949999999984 0.2795683999999999 0.3903907500000011 0.3369460000000023 0.2831280000000023 0.35214799999999924 
0.06471345454545424 0.12278339999999993 0.16315277777777754 0.22103812499999886 0.2711142857142846 0.33027216666666603 0.441055999999999 0.5173037499999996 0.5906690000000003 0.6384689999999991 0.6667400000000039 
0.1619037999999998 0.2788054444444443 0.3326143749999996 0.4831504285714288 0.7161421666666665 0.8159566000000011 0.8974272500000013 0.8506263333333355 0.5047545000000022 0.1670600000000012 
0.03969928571428582 0.07849046153846137 0.11108858333333335 0.15482018181818155 0.19077879999999992 0.2224272222222215 0.24242412499999913 0.25719985714285626 0.3149098333333319 0.41418719999999765 0.5041119999999976 0.6678369999999993 0.7212749999999986 0.6376499999999976 
0.06945999999999898 0.1652211538461526 0.20365108333333318 0.24524963636363709 0.31582070000000045 0.3958841111111112 0.4906025000000003 0.556743142857144 0.55010416666667 0.5029534000000029 0.5035605000000001 0.37561299999999787 0.08167650000000118 0.008744000000000625 
0.1335269000000001 0.23739766666666634 0.23597974999999982 0.3433259999999995 0.4913489999999994 0.6097811999999991 0.784780999999999 0.6596646666666665 0.8959814999999999 1.4412250000000026 
0.1522012999999996 0.2682344444444442 0.26294037499999984 0.26355099999999904 0.277609166666666 0.2902274 0.21039375000000055 0.19282633333333382 0.29188499999999856 0.8503090000000035 
0.12047924999999929 0.23281345454545327 0.22795269999999945 0.26822522222222167 0.3464336249999993 0.47028185714285725 0.6319741666666666 0.7485205999999988 0.8186187500000017 0.7054790000000036 1.102289000000003 1.860317000000008 
0.09558600000000005 0.16460111111111106 0.1744549999999999 0.32942228571428583 0.4882436666666665 0.5094359999999999 0.6879559999999999 0.7671539999999997 1.0101649999999998 1.1874959999999997 
0.08340269999999997 0.13875911111111114 0.27541350000000026 0.4264371428571428 0.6191431666666665 0.7133386 0.8918199999999988 0.8823899999999991 1.0027859999999982 1.301032999999997 
0.12034729999999977 0.22691755555555562 0.30396100000000037 0.25202285714285755 0.23552849999999964 0.2919641999999995 0.25302599999999964 0.3141140000000005 0.37014300000000167 0.9041090000000004 
0.031604636363636376 0.059376799999999966 0.08024099999999969 0.0819166249999996 0.09314828571428542 0.08315683333333315 0.04532199999999972 0.016627750000000004 0.01862366666666657 0.02421099999999981 0.023544999999999983 
0.06870616666666672 0.12809299999999976 0.13450029999999974 0.1307779999999999 0.12446624999999958 0.1099547142857135 0.10582349999999947 0.19006599999999976 0.2780145 0.2219663333333331 0.2156995 0.30658000000000063 
0.2739657000000001 0.45599455555555557 0.46505499999999966 0.5085154285714286 0.6829404999999995 1.0071865999999987 1.3852869999999986 1.1351826666666662 1.7932805000000016 3.487672999999994 
0.1148615555555558 0.18535962500000155 0.2899241428571445 0.29621283333333537 0.4274248000000019 0.3292237500000006 0.24182633333333162 0.15870849999999906 0.5219599999999968 
0.11814963636363665 0.22470229999999966 0.44866122222222243 0.6277513750000002 0.7879230000000003 0.8152138333333341 0.8232206000000009 0.6791472500000016 0.6887790000000016 0.48784550000000126 0.3947919999999995 
0.06946035714285724 0.14633061538461545 0.2508496666666667 0.3466425454545453 0.4176438999999998 0.47980444444444414 0.4196413749999997 0.359930714285714 0.2045336666666663 0.20986579999999996 0.2058914999999999 0.23996066666666663 0.19644300000000028 0.22122500000000062 
0.14003639999999978 0.28473107142857057 0.35507169230769176 0.38772474999999984 0.37983054545454514 0.4178217999999998 0.42884033333333377 0.4964358750000002 0.587787857142856 0.586359666666666 0.5426191999999992 0.7703057499999998 1.064293333333331 1.2484324999999972 1.2637839999999998 
0.05417279999999991 0.1094853333333341 0.1729587500000011 0.25450257142857213 0.24416116666666698 0.3093153999999996 0.27113950000000053 0.31158266666666745 0.5108849999999998 0.49002400000000224 
0.13511155555555676 0.23904125000000084 0.2805475714285719 0.20569450000000056 0.20222320000000227 0.1034597500000021 0.0645503333333347 0.07633899999999837 0.12524199999999797 
0.16643144444444402 0.25801287499999975 0.30538771428571393 0.318948666666666 0.37922279999999986 0.4929519999999996 0.6148653333333327 0.7508644999999993 0.4596849999999999 
0.05775135714285716 0.13749876923076917 0.16306049999999994 0.21609263636363651 0.25562090000000015 0.27509766666666663 0.29113062500000036 0.327588142857143 0.398409833333333 0.5289077999999998 0.6511962499999995 0.8460073333333329 1.2272210000000006 1.3737250000000005 
0.0967047 0.19986944444444424 0.3126799999999997 0.4036988571428566 0.48001733333333246 0.7251951999999989 0.9980829999999986 1.2913626666666647 1.4532444999999967 1.1562969999999977 
0.08847575000000016 0.17694772727272737 0.17886450000000043 0.1111395555555558 0.13335650000000038 0.19871742857142935 0.22088166666666803 0.2059284000000008 0.2715400000000006 0.3775176666666683 0.6136105000000036 0.5387810000000028 
0.2808618181818189 0.5085344000000002 0.5330801111111112 0.6998086250000006 0.7366882857142854 0.700380999999999 0.9273288000000005 1.0045252500000017 1.0959256666666675 1.2562210000000018 1.2917000000000025 
0.1706833333333329 0.32846324999999915 0.33651471428571444 0.5031266666666676 0.8287243999999996 0.973856500000001 1.1462870000000038 1.1585020000000026 1.135048000000007 
0.11637550000000003 0.3182794117647062 0.48385062500000037 0.5739680000000007 0.6444094285714299 0.8107577692307711 0.9514384166666684 1.0896834545454561 1.2338402000000037 1.295348222222226 1.3778255000000046 1.5173090000000056 1.8246015000000075 2.0702064000000115 1.9091385000000125 1.7043986666666822 1.6845830000000164 1.5710570000000226 
0.05781074999999994 0.10808463636363634 0.1624991 0.16297811111111107 0.1463062500000003 0.1259800000000002 0.14891933333333326 0.19817719999999975 0.2828492500000003 0.3669276666666673 0.5315824999999986 0.38922499999999677 
0.09172511111111108 0.17548500000000133 0.2653160000000015 0.22541483333333495 0.24051520000000093 0.2552947500000009 0.3464253333333369 0.5430010000000066 0.5510900000000084 
0.12953258333333365 0.2585579090909099 0.36612120000000065 0.5320362222222227 0.6549431250000012 0.7343248571428582 0.7493553333333349 0.5450226000000009 0.5151640000000012 0.5010273333333339 0.32801849999999977 0.3675329999999985 
0.11064708333333362 0.20731972727272716 0.4182878 0.6342811111111109 0.87720575 1.168559857142857 1.3890871666666658 1.5758672000000007 1.7194324999999988 1.9391413333333332 2.0069624999999984 1.697840999999995 
0.0604692499999997 0.1126861818181812 0.11635209999999943 0.13677022222222152 0.18532999999999927 0.23660785714285626 0.2884571666666654 0.226059599999999 0.1754064999999995 0.23898299999999872 0.27948299999999854 0.20452499999999935 
0.10039490000000009 0.20863522222222178 0.2656604999999991 0.35640971428571355 0.4392659999999989 0.4097883999999987 0.47130049999999973 0.6865913333333336 0.9199034999999989 1.359096999999998 
0.03222999999999982 0.05589900000000004 0.08512299999999973 0.10580049999999994 0.16696859999999913 0.2257192499999994 0.3423803333333322 0.3469769999999991 0.5406159999999969 
0.1776183999999999 0.3572238888888889 0.3090748750000003 0.32897214285714377 0.3434803333333337 0.2698752000000004 0.2540012499999992 0.2681936666666649 0.17621250000000077 0.307226000000001 
0.09865888888888859 0.16543112499999976 0.21137928571428713 0.17841100000000243 0.17080160000000089 0.12591049999999968 0.09668699999999815 0.07164450000000044 0.11858599999999711 
0.0932937000000002 0.186186111111111 0.2446092500000001 0.20279099999999994 0.2586141666666669 0.32959700000000036 0.5390432500000004 0.577424666666668 0.5709545000000023 0.2477570000000006 
0.11930158333333347 0.286604818181819 0.46732450000000053 0.7224650000000001 1.0847272500000007 1.4309108571428584 1.6824996666666685 1.9305980000000031 2.0700537500000036 2.112711000000002 1.5954144999999973 1.008124999999997 
0.0879435555555547 0.1591568749999992 0.2672339999999982 0.3422954999999991 0.48405620000000005 0.6433982499999996 0.9769013333333324 1.4857145000000016 1.5995200000000003 
0.19580720000000015 0.36083077777777767 0.4653110000000001 0.41460714285714273 0.3371350000000001 0.3741912000000003 0.6788170000000008 1.1502966666666679 1.5545225000000014 1.0317059999999991 
0.06873888888888882 0.11451637499999957 0.1361017142857135 0.1718028333333326 0.15749019999999958 0.15603174999999964 0.1742413333333326 0.3198374999999988 0.47345799999999777 
0.07833577777777795 0.15169662499999995 0.15319799999999995 0.14315816666666675 0.11587059999999977 0.10371275000000013 0.05843733333333363 0.06432149999999978 0.15859999999999977 
0.060787714285714355 0.14008376923076934 0.21255575000000004 0.3233744545454546 0.4126037000000004 0.5408891111111115 0.6356168750000003 0.6540515714285721 0.6841136666666672 0.6649594000000002 0.6130502500000005 0.5536810000000008 0.30406650000000035 0.2237779999999995 
0.11721509090909063 0.24510279999999984 0.4013316666666674 0.6963247500000015 1.0006521428571447 1.1868996666666694 1.2073998000000046 1.2897130000000037 1.4342416666666695 1.2084590000000026 1.0146440000000003 
0.16162377777777737 0.2787529999999991 0.3154927142857142 0.4597783333333334 0.501639199999999 0.4923904999999993 0.5960596666666667 0.6386869999999991 0.3375879999999989 
0.1534887500000002 0.3433083333333343 0.450009142857143 0.542759692307692 0.6986326666666658 0.9155068181818177 1.1645419999999993 1.5128088888888875 1.8995114999999987 2.071642285714285 2.1339644999999994 2.3981071999999988 3.0616695000000003 3.997034000000005 4.866497500000006 4.311220000000014 
0.13725766666666656 0.23397099999999843 0.27687857142857 0.29703966666666615 0.33918979999999893 0.4197924999999977 0.5449173333333304 0.7113550000000004 0.45708500000000163 
0.08100650000000044 0.18811600000000078 0.27474371428571515 0.3814073846153856 0.5057265833333349 0.5781022727272745 0.6225505000000013 0.6077568888888899 0.568619000000001 0.7016278571428588 0.887990166666668 1.1282162000000029 1.4243920000000034 1.7641546666666692 2.168580000000002 2.02669 
0.14046689999999962 0.28572877777777667 0.2887002499999995 0.13518728571428704 0.12336283333333292 0.25389179999999895 0.35135474999999866 0.25194799999999895 0.24233449999999945 0.17324499999999893 
0.10102833333333332 0.18295500000000015 0.299269428571428 0.31709583333333313 0.4381344 0.5879237499999996 0.7155913333333329 0.6121869999999978 0.5465889999999993 
0.08839731249999999 0.18789466666666654 0.28465585714285707 0.3425053076923076 0.40737966666666625 0.4252010909090906 0.3787730999999997 0.28670322222222194 0.27822137500000016 0.2728912857142858 0.3138289999999999 0.4250847999999999 0.5175407499999997 0.8977226666666659 1.2370929999999984 1.4834209999999979 
0.09322609090909138 0.18806300000000106 0.27717855555555704 0.2758565000000015 0.2450191428571439 0.17219100000000043 0.2980344000000006 0.5331435000000015 0.7985676666666699 0.8286950000000045 0.7241490000000036 
0.15976716666666674 0.31969063636363615 0.41106370000000036 0.490555777777779 0.48149300000000167 0.3804010000000014 0.38930483333333377 0.365910399999999 0.37001950000000045 0.5455143333333331 0.4625854999999989 0.7001300000000024 
0.06731608333333322 0.12478563636363604 0.20454079999999952 0.3457545555555549 0.5540712499999991 0.7319784285714275 0.9307388333333326 1.1891591999999993 1.2943942499999987 1.6714859999999967 1.7511749999999955 2.331224999999991 
0.11659668749999952 0.2514468666666658 0.2870759999999992 0.3251524615384605 0.3965072499999993 0.4173279999999995 0.46804169999999934 0.5953681111111103 0.6588426249999992 0.6314127142857134 0.7191649999999994 0.9646138000000009 1.2278805000000024 1.593071333333334 2.3473905000000004 2.7716130000000034 
0.08065333333333295 0.175993999999999 0.2653343076923071 0.4177597499999991 0.5902054545454539 0.7452479999999996 0.9047555555555562 1.173036875 1.4258551428571438 1.758384 2.179055199999999 2.3748087500000024 2.3615053333333327 2.915694000000002 3.1400359999999976 
0.17561736363636446 0.3222397000000017 0.33793033333333583 0.36488175000000256 0.4442971428571456 0.5037825000000025 0.33263440000000166 0.3428239999999988 0.2989396666666676 0.3771565000000022 1.0458369999999961 
0.11773400000000013 0.21240990909090934 0.2530952000000004 0.3669515555555561 0.43406900000000104 0.5373447142857152 0.7119425000000013 0.6202072000000008 0.6191200000000008 0.8313726666666682 0.8503435000000026 1.1256820000000034 
0.027771249999999997 0.04909900000000009 0.0661864000000004 0.08249511111111142 0.08347025000000025 0.09669657142857199 0.1037130000000005 0.1128392000000005 0.03557950000000019 0.01725800000000008 0.040969499999999937 0.11803300000000064 
0.1871519999999999 0.4129904999999996 0.5622688888888878 0.6222103749999994 0.5978519999999998 0.4539816666666665 0.42206679999999913 0.773025249999999 1.2359073333333317 1.5912654999999971 2.136769999999996 
0.04449899999999992 0.0924469999999997 0.1352373571428567 0.19573561538461504 0.26333933333333337 0.34062818181818166 0.4652714999999997 0.6174535555555553 0.6868245000000004 0.7552001428571431 0.8226213333333343 0.9788548000000005 1.1618872500000004 1.2297963333333346 1.4991155000000003 1.7114239999999983 
0.12211241666666635 0.23366599999999974 0.31287840000000006 0.4187437777777773 0.4045112499999998 0.33460642857142897 0.35322816666666756 0.3821656000000003 0.3992844999999996 0.5852766666666656 1.0211389999999976 0.8943849999999982 
0.08600349999999961 0.14631744444444367 0.19389149999999922 0.20100914285714191 0.21362149999999902 0.32865739999999843 0.3913899999999977 0.43530933333333055 0.2588024999999985 0.009781000000000005 
0.09828850000000033 0.16000888888888928 0.19971987500000055 0.21683542857142965 0.21896266666666758 0.24611760000000144 0.16745000000000287 0.1806930000000011 0.26922000000000157 0.3976570000000031 
0.04985446153846158 0.1058557499999998 0.18497154545454553 0.28720220000000024 0.42246911111111224 0.5437512500000011 0.6791238571428582 0.8020533333333351 0.9491588000000027 0.9440290000000029 0.9583523333333359 0.9939765000000038 0.9935680000000039 
0.09425200000000036 0.16044387500000065 0.25440242857142936 0.32525750000000064 0.42655000000000093 0.4772922500000004 0.34277166666666636 0.5208794999999999 0.5859399999999992 
0.1479341666666655 0.3284661818181808 0.4752710999999982 0.558629222222219 0.5815917499999967 0.5528904285714253 0.4717148333333304 0.4231887999999975 0.3843962499999973 0.364355666666663 0.023385999999999962 0.1827699999999966 
0.07290758823529367 0.18445043749999945 0.3156735333333323 0.40281228571428396 0.4639760769230758 0.5583391666666664 0.6277609090909101 0.7144607000000004 0.7773711111111106 0.8967008749999985 1.0658277142857109 1.1620819999999972 1.4142901999999968 1.8491769999999987 2.696455000000001 3.1232105000000026 3.613129000000003 
0.07020500000000007 0.13055044444444452 0.15592800000000007 0.1701347142857142 0.1577641666666666 0.1620689999999999 0.2056267499999998 0.1469526666666664 0.09101199999999979 0.1375939999999999 
0.07123491666666701 0.1600689090909093 0.31582960000000065 0.3749367777777773 0.455120875 0.4349567142857137 0.440129166666667 0.38550060000000125 0.5557927500000004 0.7544633333333335 1.1267469999999997 1.4691130000000028 
0.057369428571428585 0.14806999999999962 0.21217174999999935 0.2593648181818183 0.29278790000000027 0.29680255555555674 0.2620511250000004 0.2687915714285711 0.3509084999999985 0.4045329999999977 0.48758124999999863 0.5854189999999998 0.6151190000000011 0.7354280000000027 
0.19563180000000013 0.3629145555555555 0.4457103750000006 0.4962580000000004 0.4416434999999994 0.3718422000000001 0.3749009999999995 0.46346633333332965 0.7444534999999941 0.4448739999999958 
0.09879082352941153 0.2466270624999997 0.3407967333333331 0.4083409999999994 0.4674036153846145 0.4498221666666658 0.3783471818181819 0.3237888000000002 0.39679422222222205 0.5172754999999996 0.7131218571428567 1.0262699999999993 1.4206173999999987 1.520875499999999 1.4736636666666647 1.3835464999999965 1.6768899999999967 
0.06895377777777752 0.11948912499999964 0.10401528571428549 0.14031683333333295 0.2658553999999995 0.27964124999999895 0.22359833333333315 0.4362464999999998 0.9865699999999963 
0.0888767857142856 0.17338384615384594 0.2126394166666663 0.2559262727272726 0.24847859999999988 0.284222333333333 0.3111316249999995 0.22770899999999966 0.19426016666666596 0.09902279999999984 0.14394975000000015 0.26080499999999984 0.4978889999999986 1.063984999999998 
0.07082050000000069 0.12936322222222302 0.14930062500000027 0.12901814285714397 0.1681825000000015 0.22780980000000206 0.31496225000000194 0.3052030000000008 0.22612150000000178 0.30355699999999863 
0.029903142857142843 0.0749750769230769 0.11933716666666652 0.13309609090909078 0.11920969999999993 0.12241966666666654 0.1709939999999999 0.21624685714285685 0.2446374999999995 0.2091117999999996 0.24433475000000002 0.2809173333333337 0.39375099999999985 0.5140979999999994 
0.10065041666666658 0.1874391818181818 0.23458150000000022 0.3619178888888891 0.4648875 0.5197392857142858 0.5821628333333333 0.6281684 0.55499125 0.9206076666666669 1.4131325000000001 1.2722649999999989 
0.12581745454545457 0.2527399999999999 0.3196334444444444 0.2980498750000002 0.23820157142857087 0.295876166666666 0.4517129999999992 0.5678072499999998 0.7412356666666664 0.8082149999999994 0.7198600000000004 
0.1578775000000001 0.311017384615385 0.42109158333333335 0.4712940909090907 0.4493384999999995 0.4547191111111107 0.44886399999999915 0.3738791428571422 0.3573710000000003 0.3491014000000007 0.2979427500000018 0.395221000000003 0.27797899999999975 0.32408499999999985 
0.10049150000000069 0.22654230769230896 0.32381658333333474 0.37388118181818336 0.372924600000001 0.4383424444444455 0.48748250000000143 0.5177665714285736 0.5361860000000025 0.5802876000000045 0.48313575000000464 0.3248556666666715 0.09744100000000175 0.010085000000000023 
0.06063918181818157 0.12829589999999957 0.21641488888888855 0.2689066249999999 0.35754585714285736 0.41132400000000074 0.44408380000000114 0.4443772500000007 0.327204666666668 0.2683975000000004 0.24833699999999978 
0.06313128571428571 0.13716661538461566 0.17685175000000058 0.17260627272727305 0.1498027000000005 0.14355011111111143 0.12782887500000084 0.14990785714285768 0.18265983333333372 0.2230610000000004 0.2418102500000004 0.13981100000000024 0.1227250000000003 0.11291600000000018 
0.03737722222222238 0.0605695000000002 0.11362885714285767 0.1623061666666674 0.20039040000000108 0.2754842500000013 0.3032206666666677 0.3798770000000008 0.5263130000000009 
0.19106959999999995 0.38065177777777714 0.720316624999999 1.029006857142856 1.423174999999998 1.8047551999999962 2.430989999999996 2.548741666666663 2.7673449999999966 2.941249999999998 
0.02230016666666661 0.04130563636363637 0.04658779999999954 0.06466644444444383 0.07289637499999949 0.07870999999999924 0.0881049999999998 0.09601379999999925 0.09560299999999937 0.16924133333333327 0.198190999999999 0.15549200000000155 
0.08571246666666672 0.18889628571428613 0.2693213076923081 0.3646718333333335 0.3768809090909091 0.3712487 0.3308002222222222 0.2839410000000011 0.3497262857142875 0.45645983333333606 0.5970952000000028 0.8849195000000019 1.0194210000000017 1.0215069999999997 1.0684329999999997 
0.11440740000000005 0.20344822222222195 0.19538187499999987 0.1915037142857142 0.236848833333333 0.2468833999999998 0.14243650000000008 0.20215166666666717 0.573653 0.6168519999999984 
0.053713916666666625 0.1124348181818183 0.12027059999999992 0.1517271111111108 0.14227837499999985 0.15917757142857136 0.17142416666666666 0.2185978000000004 0.2430300000000008 0.2744766666666666 0.44803149999999947 0.9540049999999962 
0.1680761999999998 0.33804611111111044 0.5005551249999984 0.701696857142856 0.8179153333333328 0.9355840000000013 1.000900500000001 1.169695000000002 1.004140500000001 0.7283059999999986 
0.1686758181818179 0.3044787999999988 0.5025869999999988 0.5449803749999996 0.7598268571428575 0.9434983333333327 1.4836519999999997 1.8301892500000003 2.475715000000001 2.3868089999999995 3.0954100000000024 
0.12008922222222251 0.20649862500000107 0.26063671428571505 0.2624644999999997 0.3518596000000004 0.5978477500000003 0.8804690000000021 1.096873500000002 0.7867209999999993 
0.07283536363636385 0.16224140000000056 0.2726616666666669 0.3705768749999999 0.5501882857142858 0.7205206666666666 0.889333199999999 1.0914447499999993 1.4103809999999992 1.523712999999999 1.9616889999999982 
0.06075116666666687 0.13169281818181855 0.1838136000000003 0.14329800000000006 0.0927481249999997 0.11309814285714244 0.16754183333333317 0.18044180000000007 0.12444200000000033 0.032416666666666843 0.026842500000000127 0.011794000000000276 
0.055035230769230656 0.10084199999999967 0.1349531818181816 0.1178594 0.13334244444444454 0.18549424999999978 0.1958137142857144 0.23911766666666673 0.20485200000000003 0.2772694999999997 0.47695699999999985 0.8650070000000006 1.0625060000000004 
0.10754000000000029 0.2103405000000007 0.2650850000000007 0.20389883333333328 0.24462659999999983 0.24191525 0.06867633333333283 0.05453099999999935 0.09584799999999993 
0.11786589999999997 0.23012333333333324 0.31345600000000007 0.39504557142857166 0.3278101666666665 0.27611459999999977 0.12945125000000013 0.11367266666666692 0.06330399999999999 0.06068499999999934 
0.06717978571428555 0.13069169230769223 0.17829741666666676 0.23256009090909094 0.3304315999999998 0.38343711111111084 0.42234099999999936 0.4705697142857136 0.5252493333333327 0.5822539999999986 0.5356312499999987 0.5396656666666656 0.6076889999999981 0.5823449999999941 
0.1118739090909083 0.2384256 0.43387755555555546 0.5633251249999993 0.6047431428571417 0.5854323333333331 0.604309999999999 0.48028425000000013 0.4014606666666654 0.6033689999999988 0.7185250000000002 
0.07618811111111082 0.1408909999999998 0.16883385714285676 0.15764149999999993 0.2359484000000013 0.3213562499999998 0.4251983333333323 0.6254779999999978 0.6196450000000049 
0.04914420000000007 0.08105566666666669 0.134411375 0.20983371428571435 0.29174999999999995 0.3660595999999996 0.45560849999999975 0.5677516666666659 0.6397804999999984 0.9746639999999993 
0.1528120909090907 0.31014159999999946 0.472115333333333 0.6158299999999993 0.7951788571428566 0.8419039999999989 0.9535259999999988 0.8992384999999992 1.084780666666667 1.4878359999999997 1.7913849999999996 
0.12137046153846157 0.2485035000000002 0.2760320909090913 0.2467870000000005 0.2640187777777783 0.31433087500000056 0.42101585714285744 0.4503571666666668 0.40762540000000036 0.47031550000000044 0.8136516666666673 0.8459049999999991 0.8288199999999984 
0.06166283333333318 0.13842145454545438 0.1944100000000002 0.27345011111111084 0.4138044999999996 0.5616755714285712 0.6249445000000002 0.6987924000000008 0.7126027500000005 0.7387060000000005 0.8677340000000007 0.7459999999999993 
0.02030558333333346 0.038099636363636294 0.05722360000000007 0.07626788888888882 0.0975664999999999 0.12189142857142837 0.13822833333333315 0.1593287999999998 0.21409224999999985 0.2940746666666663 0.30508500000000055 0.29652500000000004 
0.04184655555555587 0.06804825000000003 0.07711457142857184 0.09698216666666729 0.08651980000000083 0.0936417500000008 0.08231199999999991 0.014579000000000474 0.005485000000000127 
0.04306072727272742 0.08880430000000039 0.10366355555555591 0.13053474999999995 0.18651057142857116 0.2596466666666666 0.33607720000000024 0.37659300000000023 0.3774626666666655 0.37009449999999855 0.25064000000000014 
0.07232892307692272 0.17414233333333312 0.3286217272727268 0.4657407999999996 0.6937676666666659 0.9439236249999998 1.2729127142857148 1.4035011666666675 1.5662366000000014 1.6143255000000019 1.754564333333335 1.8643530000000008 2.1211239999999987 
0.09906942857142848 0.24696453846153865 0.391979333333333 0.4657420909090905 0.5141397999999994 0.5268848888888894 0.5344246249999994 0.5192769999999985 0.5403646666666637 0.6560867999999969 0.8290637499999973 0.8446753333333318 0.7280074999999978 0.7737919999999935 
0.06996969999999995 0.11653277777777729 0.14109187499999956 0.18293828571428508 0.22847933333333276 0.26459199999999966 0.3205149999999992 0.3028443333333328 0.12129950000000023 0.1357450000000008 
0.07049827777777797 0.18248982352941165 0.31671181250000013 0.4927168666666673 0.6917025714285722 0.9148486923076941 1.1885330000000018 1.5079316363636388 1.8272341000000034 2.1741076666666697 2.394539250000004 2.353748857142861 2.383367833333339 2.552698000000005 2.8418857500000048 3.359135666666675 3.5023934999999993 4.0069010000000125 
0.1088937894736843 0.2844944444444446 0.48517900000000025 0.7169166250000003 0.9969468000000002 1.3241100714285723 1.68827876923077 2.1332690833333334 2.5380890000000003 2.9731286000000003 3.3346750000000003 3.6911308750000003 3.936628857142858 4.176357500000001 4.506346800000001 4.396191999999999 4.076881666666667 3.821838 3.5276799999999997 
0.053431700000000186 0.10961400000000021 0.1025617499999999 0.13322614285714293 0.17990400000000045 0.15218480000000012 0.20323225000000034 0.298366 0.2351459999999997 0.19156099999999698 
0.13049744444444406 0.20433287499999983 0.2566444285714284 0.23538233333333264 0.13406039999999989 0.09607650000000004 0.19619433333333372 0.2172405000000004 0.2246890000000013 
0.158985636363636 0.3320796999999998 0.4581905555555555 0.441052875 0.3430894285714291 0.21103216666666672 0.22328320000000013 0.38873724999999965 0.5238490000000002 0.5300575 0.3264039999999996 
0.10076754545454572 0.1785985 0.2437380000000003 0.3410563750000001 0.5327469999999999 0.6533696666666666 0.7469078 0.811005249999999 1.0858979999999994 1.1949334999999992 2.0714849999999974 
0.14997899999999934 0.3098954444444437 0.5214481249999978 0.5543079999999984 0.398488333333332 0.36124680000000026 0.39798299999999937 0.593760999999998 1.0674124999999977 1.4060499999999907 
0.07896430000000008 0.14496988888888865 0.15057412499999992 0.10387914285714248 0.09989916666666654 0.06843060000000002 0.05385100000000012 0.07341900000000018 0.1528254999999996 0.12306099999999894 
0.07708781818181806 0.13188099999999986 0.1754942222222224 0.24618412500000003 0.24204699999999985 0.31387383333333263 0.36638699999999963 0.3989112499999986 0.47120999999999863 0.5403019999999988 1.129608 
0.16382566666666676 0.2760066249999998 0.30664757142857163 0.2986190000000002 0.22375619999999935 0.39201249999999843 0.4312789999999969 0.6219684999999988 0.8790850000000031 
0.015619909090909228 0.026546600000000156 0.03169288888888908 0.02728862500000023 0.02770042857142885 0.02885900000000022 0.01928980000000028 0.028791750000000144 0.05927600000000054 0.08923900000000048 0.05760499999999971 
0.1236681111111119 0.23048162500000052 0.27737242857142824 0.34104983333333366 0.4295804000000006 0.4408367499999997 0.5206816666666678 0.4454955000000007 0.22610900000000128 
0.12036664285714295 0.2389139230769232 0.2919195833333331 0.3375523636363631 0.34121739999999934 0.3545397777777773 0.3430223749999994 0.247145285714285 0.08117833333333362 0.09251640000000079 0.20232500000000136 0.2341870000000008 0.34638950000000024 0.4473250000000017 
0.08299518181818176 0.15261510000000017 0.18979066666666672 0.2638530000000002 0.32835928571428635 0.3864788333333341 0.39156380000000035 0.3769319999999997 0.5996586666666679 0.8872665000000028 0.6391370000000033 
0.07073566666666661 0.13337125 0.23271 0.35567416666666574 0.4771116000000003 0.6515657499999994 0.6780806666666659 0.6570189999999965 0.6075169999999941 
0.10588663636363636 0.19561840000000003 0.2100542222222217 0.2752576249999993 0.4033999999999991 0.5832626666666652 0.6760463999999988 0.6914817499999992 0.6842620000000004 0.7449950000000003 0.9076090000000026 
0.11444722222222288 0.2025562500000011 0.22266628571428593 0.2135623333333334 0.21373980000000103 0.3156650000000007 0.5457419999999998 0.7671490000000012 0.47858899999999965 
0.13248546666666666 0.32148050000000006 0.37134092307692335 0.3120535000000001 0.2783872727272729 0.3500452000000006 0.33546344444444526 0.3137872499999999 0.3568389999999994 0.3727619999999998 0.4229640000000001 0.3741494999999998 0.26971733333333336 0.28831650000000064 0.32340800000000014 
0.006478300000000096 0.013197666666666915 0.018471125000000456 0.023232857142857808 0.019210500000000505 0.016318200000000487 0.012111500000000285 0.012253666666667273 0.012577500000000564 0.015205000000000565 
0.07035690909090954 0.12782360000000084 0.13592566666666833 0.13819925000000077 0.16032942857142965 0.12222633333333302 0.1554171999999997 0.26879850000000044 0.3568116666666685 0.3346010000000008 0.1828880000000046 
0.06010519999999974 0.10618900000000003 0.16022724999999935 0.19193399999999974 0.2593994999999992 0.23935419999999935 0.21700899999999912 0.21145266666666676 0.29835549999999916 0.45240400000000053 
0.17572088888888945 0.30892550000000035 0.5482904285714294 1.0298350000000016 1.5072706000000033 2.0662560000000036 2.656591666666669 3.5002170000000055 3.7882119999999992 
0.1284278000000001 0.2873134285714285 0.46323676923076895 0.6355224166666662 0.806302636363636 1.0044170999999995 1.247304888888888 1.6397346249999987 2.0367208571428566 2.571579166666665 3.213407799999999 3.511323749999999 3.7862300000000015 3.2349619999999977 3.5224329999999973 
0.047442250000000366 0.09200954545454586 0.11540490000000064 0.08660511111111172 0.10013337500000104 0.13198042857142933 0.16858716666666743 0.13844820000000063 0.0810955000000005 0.03715566666666679 0.01969750000000009 0.08180099999999933 
0.064236307692308 0.13080091666666693 0.11131581818181845 0.07736629999999987 0.12305266666666655 0.13828650000000003 0.15323242857142827 0.16228066666666624 0.1443544000000004 0.162204750000001 0.17594066666666666 0.27461249999999965 0.30807399999999574 
0.07745666666666609 0.14470624999999881 0.17002914285714277 0.1391844999999996 0.12737319999999927 0.12075424999999959 0.14266999999999969 0.22301999999999866 0.08300799999999808 
0.14217689999999994 0.2883941111111111 0.3559372499999998 0.4324324285714287 0.7278183333333335 0.8753864000000009 1.1020182500000015 1.052660666666668 0.8130225000000003 0.5492650000000023 
0.17324990909090854 0.3340619999999988 0.47097133333332997 0.6594741249999967 0.699020857142855 0.6960638333333327 0.8369059999999999 1.0217662500000024 1.2725840000000015 1.0254089999999996 1.6153089999999901 
0.022211769230769042 0.04049766666666635 0.0575246363636362 0.0656715000000003 0.050852555555555824 0.045398750000000446 0.05720671428571468 0.08285099999999981 0.08059020000000003 0.04875124999999923 0.028982333333332833 0.027448999999999654 0.02072499999999903 
0.11670643750000001 0.2722114666666669 0.3457077857142865 0.3995622307692322 0.4680830833333355 0.43944400000000244 0.39796560000000225 0.4091341111111127 0.3842328750000016 0.35996942857142955 0.3044133333333337 0.3738766000000001 0.4175582499999988 0.5773516666666659 1.269823000000002 2.487913 
0.024914099999999908 0.05033544444444438 0.08111974999999996 0.10382585714285725 0.1274556666666668 0.17747880000000002 0.22728124999999974 0.2860573333333334 0.3642595000000002 0.44382499999999975 
0.15213377777777756 0.24264512500000004 0.45674799999999977 0.7386111666666662 0.9820427999999997 1.595541249999999 1.8908766666666659 2.2825334999999978 2.2302259999999983 
0.11146349999999967 0.20366627272727278 0.2439509000000007 0.33220777777777816 0.4301178750000002 0.5237835714285717 0.5325541666666669 0.5455298000000003 0.6162630000000033 0.7499903333333375 0.7078575000000045 0.5018980000000065 
0.16845272727272662 0.3559090999999982 0.6329081111111085 0.9276389999999963 1.1466682857142827 1.424871499999996 1.7632731999999949 1.7167399999999935 1.897714333333327 1.5034484999999962 1.2506740000000023 
0.1055041538461536 0.25707283333333253 0.38716145454545375 0.4908792999999991 0.5607946666666658 0.6500218749999986 0.7941884285714274 0.9450261666666654 1.1257535999999995 1.3875547499999992 1.5171753333333302 1.4317029999999942 1.3336339999999938 
0.08741250000000032 0.15981255555555565 0.20887362500000015 0.27058457142857173 0.3785028333333336 0.45040180000000113 0.3809390000000013 0.3773730000000004 0.49993350000000136 0.4743650000000017 
0.06469733333333344 0.127311875 0.20350442857142806 0.30733466666666565 0.43105119999999836 0.5080939999999979 0.41627099999999767 0.499399499999997 0.4862919999999976 
0.08783716666666702 0.18538127272727306 0.2224649000000003 0.21636833333333355 0.25433887500000063 0.368985571428572 0.45740150000000035 0.49445940000000105 0.4905297500000012 0.43323366666666746 0.475255000000003 0.3729800000000033 
0.10352838888888852 0.24129776470588235 0.41316243749999954 0.5685069999999989 0.7185681428571421 0.8912500769230761 1.1465577499999984 1.3946605454545449 1.755177299999998 2.042708333333331 2.246680499999997 2.5766215714285683 2.8829964999999964 3.086081199999995 3.387987249999995 3.9663303333333304 4.0360109999999985 5.00050899999999 
0.00736366666666666 0.011581624999999854 0.00798028571428556 0.005999833333333236 0.011590199999999695 0.018961749999999705 0.01266199999999986 0.017652499999999634 0.022300999999999207 
0.05492463636363657 0.11406280000000057 0.15524711111111156 0.23839462500000075 0.3214581428571438 0.4126901666666672 0.4440926000000004 0.5302827499999996 0.6651999999999997 0.6387399999999996 0.4692369999999991 
0.026785299999999714 0.04486344444444419 0.060352999999999435 0.09899599999999933 0.11011033333333256 0.13943799999999937 0.21703999999999857 0.23231133333333145 0.29566349999999836 0.3678609999999976 
0.03706278571428573 0.07586276923076914 0.12460633333333329 0.17705354545454538 0.1755926000000001 0.16640433333333352 0.15284150000000027 0.13807257142857157 0.1423448333333333 0.23572360000000017 0.34982025000000017 0.4696233333333335 0.6783770000000001 0.7389729999999993 
0.04345691666666672 0.0951800909090906 0.1001715999999997 0.10475288888888884 0.11830787499999944 0.14855357142857106 0.16552916666666656 0.14563659999999976 0.18044549999999987 0.2926273333333338 0.4528825000000002 0.44644899999999904 
0.15802061538461584 0.2919956666666671 0.5424891818181823 0.710016700000001 0.8607690000000006 1.011223500000001 1.2419132857142867 1.6139903333333339 1.8914586000000009 2.330245750000001 2.1268456666666675 1.9109390000000022 1.316538000000003 
0.07192744444444431 0.12581237499999995 0.20936128571428575 0.24688983333333364 0.3023174000000004 0.27809875000000034 0.270945666666667 0.26625350000000036 0.1685450000000004 
0.06727069230769203 0.12783483333333334 0.1686885454545453 0.1817958 0.21050366666666687 0.30211800000000033 0.38097942857142947 0.48187399999999975 0.5166438 0.5843970000000009 0.7148906666666679 0.8052369999999991 0.633832999999995 
0.09635230769230865 0.21191725000000117 0.29838236363636483 0.41537870000000154 0.5750691111111124 0.7109236250000012 0.742343142857144 0.9005328333333344 1.261024800000003 1.7072462500000043 2.07884066666667 2.5418745000000027 2.3595939999999986 
0.008718999999999973 0.015676750000000038 0.01974814285714283 0.024575666666666586 0.029662400000000033 0.05425650000000004 0.0685996666666669 0.07540599999999999 0.09114499999999923 
0.13764827272727231 0.2632364999999991 0.3282263333333326 0.5139084999999987 0.8889319999999981 1.1831933333333309 1.2544955999999976 1.675993499999998 2.2979883333333295 2.4940754999999966 2.4468249999999947 
0.017307666666666752 0.03136199999999972 0.050722714285713934 0.05875449999999939 0.05864079999999923 0.06700274999999904 0.050816999999999335 0.04152299999999958 0.06257699999999944 
0.0992994444444454 0.17427312500000072 0.17788128571428655 0.2007640000000012 0.29031820000000197 0.30926499999999946 0.46359766666666713 0.5137415000000001 0.8036089999999991 
0.2187757777777774 0.3841613749999998 0.33029057142857204 0.5083586666666674 0.56202 0.5092710000000005 0.5451866666666676 0.592558500000002 1.0176100000000021 
0.07524872222222201 0.17065152941176406 0.19609981249999947 0.1706124666666664 0.16646014285714272 0.229740307692307 0.3070895833333327 0.30277899999999963 0.2715762 0.31055599999999933 0.4285751249999983 0.568132999999999 0.563746666666667 0.6301372 0.8011487499999987 0.9468823333333318 1.1695949999999984 1.3782250000000027 
0.1290898000000002 0.2512170000000003 0.33513762500000077 0.3711355714285715 0.4181963333333333 0.3519908000000008 0.3161582500000015 0.27561166666666753 0.1656905000000008 0.05360400000000025 
0.08038913333333306 0.1922766428571421 0.3243473076923063 0.4672809166666643 0.6358410909090878 0.7685522999999965 0.7961819999999971 0.8128467499999971 0.8296585714285689 0.821930833333332 0.923740399999997 0.9574842499999966 0.8857616666666654 1.0269954999999964 1.1192809999999969 
0.09346663636363586 0.17630099999999935 0.23273122222222176 0.25386712499999997 0.22318800000000025 0.2374746666666662 0.3289559999999986 0.30577724999999945 0.3021123333333329 0.5134929999999989 0.4126330000000009 
0.02776142857142837 0.0590199999999997 0.06046024999999997 0.07010727272727241 0.0902748999999993 0.07681311111111039 0.06895074999999944 0.098371142857142 0.10306966666666624 0.08664620000000012 0.0753210000000002 0.04357166666666624 0.02117099999999936 0.005108000000000044 
0.11347054545454523 0.20292940000000004 0.23746888888888898 0.15452800000000017 0.10816371428571411 0.19623783333333325 0.21094120000000005 0.20711199999999974 0.08664066666666771 0.08850599999999895 0.057236000000000675 
0.18645792857142843 0.479137230769231 0.8660016666666668 1.4097122727272726 2.0208451000000007 2.669811444444445 3.4102699999999997 4.037680857142859 4.585790166666669 5.085975400000002 5.246831250000003 4.901102666666668 4.988334000000001 4.164580999999998 
0.16424572727272815 0.32432860000000047 0.4551425555555553 0.6763264999999992 0.8016365714285711 0.943959166666668 1.3384936000000023 1.7805825000000022 2.219406333333334 3.142285000000003 2.9288090000000033 
0.09920925000000004 0.22127653333333333 0.3697873571428577 0.45497807692307735 0.49383850000000074 0.5771066363636371 0.6735257000000004 0.8208437777777774 0.8549965000000016 0.9173635714285723 0.9387425000000005 0.887756000000001 0.79345725 0.6194709999999987 0.3550159999999992 0.31585999999999825 
0.035565916666666954 0.06245818181818209 0.08278230000000042 0.10998511111111182 0.1602522500000011 0.21165342857142985 0.267149000000001 0.28927480000000155 0.2967335000000014 0.3772516666666689 0.46405100000000127 0.5565849999999961 
0.0644631666666666 0.12041909090909098 0.20056079999999976 0.26294811111111094 0.3560354999999998 0.4412558571428567 0.49788083333333294 0.5405924000000004 0.5891442500000004 0.8100226666666677 0.8837589999999993 0.9549699999999988 
0.15466708333333373 0.340578454545455 0.4306469000000001 0.5086357777777778 0.5637508750000004 0.6882255714285738 0.7295225000000031 0.9394058000000026 1.6054480000000029 2.245381000000003 2.9883165000000007 2.9627529999999966 
0.01626011111111116 0.025327874999999913 0.022822571428571265 0.028533333333333077 0.03647859999999992 0.03338249999999985 0.03566733333333322 0.05038649999999995 0.048157000000000505 
0.09844426666666668 0.21157499999999996 0.28385238461538487 0.3276417499999998 0.3376482727272729 0.3610130999999999 0.3906485555555559 0.43592049999999966 0.4458735714285714 0.4075075000000002 0.41980300000000065 0.5558842500000003 0.6610136666666668 0.4841769999999996 0.9529479999999992 
0.11975709090909094 0.20680559999999992 0.270083222222223 0.40942975000000115 0.5316258571428584 0.7733418333333362 0.9716362000000034 1.3146180000000038 1.4122896666666684 1.1727850000000037 1.3507920000000027 
0.19416733333333316 0.4416020714285717 0.6081223846153843 0.7753286666666663 0.9858436363636358 1.0478203999999993 0.9231929999999993 0.8751938749999988 0.9527658571428567 1.1730149999999995 1.4087612000000003 2.0356075000000007 3.089889666666668 4.5599835 4.65273 
0.09515613333333303 0.22406249999999917 0.33670784615384486 0.39506574999999905 0.4307982727272728 0.49357700000000043 0.536083666666666 0.6353149999999989 0.712128142857141 0.7038139999999968 0.7167445999999958 0.7033347499999969 0.5458039999999972 0.3997174999999956 0.2524179999999976 
0.10066380000000064 0.19198011111111254 0.26306887500000065 0.32080142857142974 0.33918483333333627 0.2854334000000011 0.3625935000000006 0.5621783333333333 0.678552499999997 0.9478159999999947 
0.05083420000000027 0.10003366666666731 0.1204950000000008 0.12347457142857228 0.1271093333333344 0.14820600000000117 0.1899495000000011 0.1870293333333343 0.2282634999999998 0.36384400000000033 
0.14087975000000014 0.3792190666666667 0.6093567857142856 0.9342145384615383 1.3323464999999999 1.6589771818181822 1.9079910000000002 2.436005222222222 2.957761375000001 3.00214942857143 3.0990998333333346 3.191789600000003 3.3217057500000022 3.3793710000000017 3.896483000000001 4.971242000000007 
0.05647191666666673 0.12554136363636365 0.20744509999999994 0.25912722222222206 0.363815375 0.39018142857142857 0.3885739999999998 0.3542986000000003 0.3532502500000009 0.25094033333333365 0.3533745000000005 0.35122900000000146 
0.10841963636363684 0.19018040000000017 0.2636665555555565 0.40168600000000165 0.47526100000000093 0.5175885000000016 0.408877400000001 0.345290499999999 0.31194633333333266 0.11887300000000013 0.03582800000000047 
0.17817975000000003 0.3382274545454544 0.5455128000000002 0.6848847777777783 1.0500002500000005 1.051531142857144 0.9443479999999997 0.7801875999999988 0.8749827499999983 0.4681586666666663 0.19606900000000002 0.10464099999999797 
0.07654753846153868 0.15896141666666677 0.24956436363636358 0.38913130000000046 0.5760005555555563 0.7252412500000006 0.9785398571428582 1.148352333333334 1.4832762000000004 1.7675107500000007 1.9845500000000007 2.1520835000000007 2.2809679999999983 
0.04540777777777779 0.084655125 0.12230385714285724 0.1446955000000002 0.17638640000000017 0.22969474999999961 0.2525183333333328 0.38548649999999945 0.37713999999999914 
0.04681681250000004 0.09818820000000035 0.16491978571428625 0.16351661538461626 0.14622825000000053 0.08846163636363664 0.08355310000000019 0.1078581111111115 0.17653662500000047 0.2589932857142867 0.3435993333333352 0.33155580000000173 0.3339755000000004 0.36489699999999986 0.4029685000000003 0.3061810000000005 
0.07205411111111124 0.12037550000000008 0.11887300000000008 0.12895216666666626 0.14978359999999974 0.14198874999999928 0.09835166666666585 0.04252899999999958 0.03484100000000038 
0.04256166666666669 0.07463872727272734 0.10585260000000002 0.11631822222222217 0.13291474999999991 0.17577214285714302 0.19080716666666692 0.23312639999999984 0.3384159999999995 0.5424466666666659 0.7102060000000006 0.527722000000002 
0.08404614285714303 0.1972600000000004 0.276768166666667 0.341098454545455 0.4290089000000006 0.4716070000000002 0.45960400000000007 0.5318634285714288 0.6432315000000003 0.6953377999999998 0.7748747500000011 0.879737333333334 1.1241490000000036 0.921460000000009 
0.04764 0.11233053333333347 0.16308242857142874 0.18432130769230778 0.19568066666666675 0.21355909090909111 0.2702025000000003 0.3458173333333334 0.37389574999999997 0.34448442857142897 0.3084693333333335 0.33911679999999994 0.48267424999999964 0.6787806666666663 0.8564929999999995 0.9341380000000046 
0.04445981818181826 0.09141440000000028 0.1380954444444448 0.1785715000000005 0.2152589999999998 0.3112448333333332 0.41731100000000004 0.540698000000001 0.5651350000000022 0.4923390000000034 0.348210000000005 
0.13742115384615383 0.28384400000000054 0.335998636363637 0.3736371000000005 0.47641166666666723 0.5143502500000006 0.681571285714286 0.9582623333333351 1.3166598000000025 1.3295682500000021 1.3093290000000026 1.8375370000000046 2.0482930000000055 
0.12515118181818183 0.23225130000000005 0.3651314444444449 0.5080422500000004 0.6450564285714293 0.7878085000000011 0.936634600000001 1.1493060000000015 1.6167343333333364 2.239951500000004 2.8053370000000077 
0.057892090909090796 0.12238720000000017 0.12158066666666685 0.12187475000000009 0.168894285714286 0.23022250000000047 0.28808160000000005 0.3605580000000001 0.3966653333333339 0.620173 0.7323010000000003 
0.04831690909090898 0.10021369999999973 0.182443555555555 0.2755441249999994 0.3680979999999998 0.48094100000000073 0.4934376000000016 0.6208662500000008 0.6413666666666684 0.7098005000000017 0.8677279999999985 
0.21076540000000002 0.41832633333333386 0.4463360000000007 0.682469142857144 0.6534720000000015 0.2923828000000006 0.2686180000000005 0.324256 0.17552949999999995 0.21569600000000036 
0.023850777777777884 0.04597087500000022 0.06504457142857166 0.07831833333333359 0.10026100000000022 0.10828050000000025 0.16494533333333372 0.20331350000000067 0.18012100000000061 
0.062244636363636884 0.1344977000000009 0.17535277777777883 0.22694925000000135 0.28586214285714395 0.36702166666666775 0.4368958000000003 0.5214180000000002 0.5968049999999995 1.043701500000001 1.5404450000000065 
0.07938985714285701 0.15974569230769226 0.23032624999999976 0.23809190909090885 0.2898560999999998 0.36424677777777786 0.4996584999999999 0.6765525714285713 0.8787401666666663 1.0043878 1.1272532500000008 1.3967090000000013 1.8405150000000003 1.6840659999999992 
0.11091461538461506 0.24964724999999977 0.3072738181818182 0.33717229999999987 0.2861131111111114 0.31118975000000015 0.4163561428571436 0.5047056666666672 0.4581879999999994 0.30964874999999914 0.44293133333333146 0.7519994999999987 0.7356339999999991 
0.07099038461538427 0.15544333333333288 0.2157701818181809 0.2864319999999987 0.3678549999999983 0.46027724999999914 0.5306425714285705 0.5169456666666659 0.5576030000000001 0.5980679999999984 0.36364000000000085 0.23154999999999895 0.22004899999999694 
0.09519719999999991 0.15925855555555565 0.16494074999999983 0.16443157142857112 0.2373184999999997 0.3026389999999998 0.3624577499999996 0.5492713333333326 0.6816454999999993 0.46509199999999973 
0.13758944444444463 0.23442750000000034 0.38202557142857185 0.4338750000000005 0.3978522000000002 0.32009649999999984 0.2092770000000002 0.1873880000000005 0.7017610000000009 
0.08198880000000036 0.13368899999999995 0.23913250000000044 0.3115468571428574 0.3670838333333336 0.41188340000000034 0.44908400000000104 0.378181999999999 0.38116550000000016 0.17204199999999942 
0.017022444444444295 0.030950999999999708 0.04249099999999961 0.047473166666666594 0.05857219999999974 0.07214524999999987 0.07812433333333298 0.09665700000000046 0.0924500000000014 
0.07517209090909042 0.1542053999999996 0.293587555555555 0.42463349999999966 0.48788328571428546 0.5641661666666669 0.7082970000000006 0.9199675000000004 1.0472046666666683 1.2582910000000003 1.1809249999999976 
0.04726900000000004 0.10506327272727284 0.14776530000000032 0.1566551111111114 0.16873350000000015 0.1800230000000002 0.20517716666666652 0.19900720000000002 0.19380100000000025 0.3452063333333338 0.4721249999999999 0.6901759999999998 
0.04636788888888866 0.0745224999999999 0.10361899999999974 0.14152349999999952 0.10190099999999976 0.12338974999999969 0.14983966666666707 0.17253000000000018 0.18933699999999934 
0.14263650000000094 0.23948611111111207 0.3028223750000006 0.432048285714287 0.5294403333333333 0.6917752000000004 0.9044425000000016 1.0295163333333346 1.4778505000000046 1.4959930000000068 
0.13772158333333331 0.25137581818181776 0.32678389999999913 0.4167823333333335 0.41271712500000046 0.30746957142857195 0.376396166666667 0.22965539999999987 0.25786524999999894 0.34383699999999795 0.500138999999999 0.4438810000000004 
0.0968865625000002 0.2585046666666668 0.4667609285714288 0.7051810000000006 0.9708582500000005 1.298131636363637 1.6667028 2.1402777777777775 2.548053 2.6910888571428573 2.5890986666666667 2.5552189999999992 2.6569702499999988 2.498415666666666 2.7108839999999983 2.7279169999999997 
0.07673737499999962 0.16511826666666624 0.23269042857142833 0.27766253846153877 0.33799125000000063 0.45676336363636416 0.5457736000000007 0.5092718888888896 0.4684513750000008 0.4631600000000004 0.49721316666666615 0.4806557999999992 0.49450874999999994 0.7454179999999991 1.1637559999999985 1.060595999999997 
0.06254835714285704 0.1445841538461543 0.1960242500000004 0.24834254545454576 0.3137471000000003 0.4311165555555562 0.6366391250000004 0.8164707142857145 0.9237744999999988 1.0351917999999984 1.012290999999997 1.2099003333333271 1.5676059999999934 2.0835289999999946 
0.1353379999999999 0.3432784285714287 0.5275036153846151 0.5363922499999998 0.5711897272727275 0.5900549 0.5928990000000002 0.7097528750000006 0.8258024285714287 1.0027228333333327 1.1407550000000002 1.445872749999999 1.9033816666666672 2.4784760000000015 3.1478500000000023 
0.09224799999999987 0.2328835714285703 0.363354384615383 0.45805233333333223 0.632533999999999 0.867915699999998 1.1032781111111079 1.297164499999997 1.4286389999999973 1.5224638333333305 1.6105803999999975 1.6486859999999988 1.4383770000000013 0.9875510000000005 1.1837300000000006 
0.08576849999999968 0.1789074444444432 0.25024637499999824 0.22262771428571299 0.13477233333333266 0.17461439999999967 0.3114119999999977 0.5764396666666628 0.6881674999999947 0.5164689999999963 
0.03492519999999999 0.0567162222222222 0.0747987499999999 0.10727457142857151 0.16324666666666707 0.20705080000000062 0.23070600000000058 0.2764613333333333 0.19224900000000048 0.2530900000000008 
0.08671111111111136 0.16485825000000034 0.32285485714285755 0.43499283333333416 0.4963558000000008 0.5463687500000008 0.48764133333333454 0.4901940000000006 0.6014600000000037 
0.06816174999999972 0.13688118181818162 0.1436579999999998 0.22402966666666657 0.34270749999999994 0.3609224285714288 0.34456050000000027 0.3923740000000006 0.4909042500000005 0.49362200000000095 0.5562425000000009 0.697813000000002 
0.0862085555555556 0.14622512499999946 0.20703328571428498 0.31769399999999937 0.2739428 0.2272935000000005 0.19797166666666768 0.12645850000000114 0.1377170000000031 
0.11932555555555568 0.19607612500000002 0.26982828571428574 0.39803716666666666 0.4336820000000001 0.64865475 0.9963140000000005 1.0966984999999998 1.9398739999999992 
0.07671791666666662 0.13714481818181806 0.13453169999999967 0.13771722222222213 0.15594849999999955 0.13615957142857113 0.06841449999999921 0.06525519999999978 0.06526374999999926 0.06708766666666643 0.05958349999999989 0.1288610000000011 
0.030721399999999996 0.08586892857142839 0.1323424615384612 0.1631322499999997 0.18550772727272685 0.21851979999999976 0.23281966666666618 0.2407747499999995 0.24707214285714235 0.28585166666666617 0.3194557999999996 0.31679924999999953 0.2863826666666672 0.2117095000000006 0.25298100000000145 
0.19604411111111095 0.3765600000000004 0.44752857142857216 0.8102030000000007 1.1537014000000008 1.588330500000001 2.188445333333335 2.6710520000000004 2.6866689999999993 
0.1194203 0.21900455555555515 0.2860064999999996 0.3034189999999994 0.32274466666666635 0.38408599999999987 0.5199197499999997 0.9588526666666652 1.4032494999999978 2.1467689999999946 
0.03429664705882359 0.07860556249999993 0.11764773333333348 0.1384988571428576 0.1410810000000007 0.13619608333333413 0.1434234545454551 0.14528699999999992 0.14551622222222196 0.13126125000000036 0.10194342857142852 0.08600949999999963 0.04808979999999909 0.02988799999999977 0.029968666666666425 0.021966499999999424 0.033624999999998316 
0.00883945454545446 0.015063700000000011 0.017813000000000023 0.0225828750000001 0.025156571428571684 0.025199666666666804 0.02583320000000022 0.03989375000000007 0.031052999999999987 0.03214650000000039 0.05689999999999992 
0.1443997777777783 0.27608137500000013 0.49294428571428617 0.6770203333333347 0.9067682000000019 0.9318370000000014 0.8691373333333351 0.8991855000000046 0.7120720000000021 
