5.000000000000000000e+00
5.750000000000000000e+00
6.500000000000000000e+00
7.250000000000000000e+00
8.000000000000000000e+00
8.750000000000000000e+00
9.500000000000000000e+00
1.025000000000000000e+01
1.100000000000000000e+01
1.175000000000000000e+01
1.250000000000000000e+01
1.325000000000000000e+01
1.400000000000000000e+01
1.475000000000000000e+01
1.550000000000000000e+01
1.625000000000000000e+01
1.700000000000000000e+01
1.775000000000000000e+01
1.850000000000000000e+01
1.925000000000000000e+01
2.000000000000000000e+01
