9.977500000000000568e+01 1.000000000000000000e+02 1.000000000000000000e+02 1.000000000000000000e+02 1.000000000000000000e+02 9.978600000000000136e+01 1.000000000000000000e+02 1.000000000000000000e+02 1.000000000000000000e+02 9.990900000000000603e+01 9.985599999999999454e+01 9.968099999999999739e+01
9.991500000000000625e+01 1.000000000000000000e+02 1.000000000000000000e+02 1.000000000000000000e+02 1.000000000000000000e+02 9.979300000000000637e+01 1.000000000000000000e+02 1.000000000000000000e+02 1.000000000000000000e+02 9.984199999999999875e+01 9.973900000000000432e+01 9.980899999999999750e+01
1.000000000000000000e+02 9.984999999999999432e+01 9.972599999999999909e+01 9.978300000000000125e+01 9.979399999999999693e+01 1.000000000000000000e+02 9.981000000000000227e+01 9.975600000000000023e+01 9.976500000000000057e+01 9.993800000000000239e+01 9.988200000000000500e+01 9.980500000000000682e+01
9.992900000000000205e+01 9.988100000000000023e+01 9.996500000000000341e+01 9.995799999999999841e+01 9.980899999999999750e+01 9.979000000000000625e+01 9.985999999999999943e+01 9.974299999999999500e+01 9.982899999999999352e+01 9.990999999999999659e+01 9.974500000000000455e+01 9.990500000000000114e+01
9.980599999999999739e+01 9.994400000000000261e+01 9.998399999999999466e+01 9.974099999999999966e+01 9.984199999999999875e+01 9.991899999999999693e+01 9.981600000000000250e+01 9.985099999999999909e+01 9.988299999999999557e+01 9.979800000000000182e+01 9.982999999999999829e+01 9.989900000000000091e+01
9.994100000000000250e+01 9.984399999999999409e+01 9.974200000000000443e+01 9.976099999999999568e+01 9.988800000000000523e+01 9.983599999999999852e+01 9.977500000000000568e+01 9.989900000000000091e+01 9.992199999999999704e+01 9.991899999999999693e+01 9.984199999999999875e+01 9.990300000000000580e+01
9.991800000000000637e+01 9.978900000000000148e+01 9.978900000000000148e+01 9.980200000000000671e+01 9.993999999999999773e+01 9.981399999999999295e+01 9.977200000000000557e+01 9.991200000000000614e+01 9.980200000000000671e+01 9.990500000000000114e+01 9.985699999999999932e+01 9.992400000000000659e+01
9.986599999999999966e+01 9.991899999999999693e+01 9.990000000000000568e+01 9.984199999999999875e+01 9.991599999999999682e+01 9.991299999999999670e+01 9.969599999999999795e+01 9.981100000000000705e+01 9.989000000000000057e+01 9.995199999999999818e+01 9.987099999999999511e+01 9.987399999999999523e+01
9.985099999999999909e+01 9.978900000000000148e+01 9.981499999999999773e+01 9.985899999999999466e+01 9.990300000000000580e+01 9.984600000000000364e+01 9.987500000000000000e+01 9.977400000000000091e+01 9.991200000000000614e+01 9.991899999999999693e+01 9.981199999999999761e+01 9.987399999999999523e+01
9.989900000000000091e+01 9.982699999999999818e+01 9.990300000000000580e+01 9.980400000000000205e+01 9.997899999999999920e+01 9.988500000000000512e+01 9.984900000000000375e+01 9.987800000000000011e+01 9.985099999999999909e+01 9.987099999999999511e+01 9.988400000000000034e+01 9.982500000000000284e+01
9.994799999999999329e+01 9.989799999999999613e+01 9.980800000000000693e+01 9.989900000000000091e+01 9.987800000000000011e+01 9.986599999999999966e+01 9.988400000000000034e+01 9.982699999999999818e+01 9.985800000000000409e+01 9.994299999999999784e+01 9.989400000000000546e+01 9.987500000000000000e+01
9.981000000000000227e+01 9.996899999999999409e+01 9.995300000000000296e+01 9.992400000000000659e+01 9.996899999999999409e+01 9.983299999999999841e+01 9.988599999999999568e+01 9.975000000000000000e+01 9.984399999999999409e+01 9.993999999999999773e+01 9.995600000000000307e+01 9.991100000000000136e+01
9.990099999999999625e+01 9.989100000000000534e+01 9.995699999999999363e+01 9.992100000000000648e+01 9.994199999999999307e+01 9.982399999999999807e+01 9.987399999999999523e+01 9.988700000000000045e+01 9.995399999999999352e+01 9.994799999999999329e+01 9.989100000000000534e+01 9.993300000000000693e+01
9.989000000000000057e+01 9.996899999999999409e+01 9.984199999999999875e+01 9.984999999999999432e+01 9.989100000000000534e+01 9.981100000000000705e+01 9.974200000000000443e+01 9.995199999999999818e+01 9.985399999999999920e+01 9.985699999999999932e+01 9.998300000000000409e+01 9.989400000000000546e+01
9.993899999999999295e+01 9.989799999999999613e+01 9.986599999999999966e+01 9.986599999999999966e+01 9.996200000000000330e+01 9.990999999999999659e+01 9.991500000000000625e+01 9.989900000000000091e+01 9.996200000000000330e+01 9.985200000000000387e+01 9.995499999999999829e+01 9.986199999999999477e+01
9.991200000000000614e+01 9.990900000000000603e+01 9.994899999999999807e+01 9.986199999999999477e+01 9.998999999999999488e+01 9.992400000000000659e+01 9.986599999999999966e+01 9.994100000000000250e+01 9.987800000000000011e+01 9.995199999999999818e+01 9.999399999999999977e+01 9.998900000000000432e+01
9.996999999999999886e+01 9.993000000000000682e+01 9.983799999999999386e+01 9.998300000000000409e+01 9.989799999999999613e+01 9.997700000000000387e+01 9.990099999999999625e+01 9.997400000000000375e+01 9.990399999999999636e+01 9.992600000000000193e+01 9.993000000000000682e+01 9.989700000000000557e+01
9.986799999999999500e+01 9.988400000000000034e+01 9.990500000000000114e+01 9.985999999999999943e+01 9.985399999999999920e+01 9.996200000000000330e+01 9.991700000000000159e+01 9.997700000000000387e+01 9.986799999999999500e+01 9.990000000000000568e+01 9.991299999999999670e+01 9.985999999999999943e+01
9.991599999999999682e+01 9.993899999999999295e+01 9.992799999999999727e+01 9.994100000000000250e+01 9.984099999999999397e+01 9.996800000000000352e+01 9.999399999999999977e+01 9.990900000000000603e+01 9.995799999999999841e+01 9.999200000000000443e+01 9.990699999999999648e+01 9.996500000000000341e+01
9.995300000000000296e+01 9.998199999999999932e+01 9.990500000000000114e+01 9.991800000000000637e+01 9.987900000000000489e+01 9.987600000000000477e+01 9.994799999999999329e+01 9.995099999999999341e+01 9.992499999999999716e+01 9.999399999999999977e+01 9.995099999999999341e+01 9.998300000000000409e+01
9.982899999999999352e+01 9.995399999999999352e+01 9.991100000000000136e+01 9.990200000000000102e+01 9.985099999999999909e+01 9.992300000000000182e+01 9.982800000000000296e+01 9.990200000000000102e+01 9.995000000000000284e+01 9.999500000000000455e+01 9.987699999999999534e+01 9.998900000000000432e+01
