9.969999999999999973e-01 9.969999999999999973e-01 9.969999999999999973e-01 9.969999999999999973e-01 9.969999999999999973e-01 9.959999999999999964e-01 9.959999999999999964e-01 9.959999999999999964e-01 9.969999999999999973e-01 9.959999999999999964e-01 9.969999999999999973e-01 9.959999999999999964e-01
9.969999999999999973e-01 9.969999999999999973e-01 9.959999999999999964e-01 9.969999999999999973e-01 9.969999999999999973e-01 9.959999999999999964e-01 9.959999999999999964e-01 9.959999999999999964e-01 9.959999999999999964e-01 9.959999999999999964e-01 9.969999999999999973e-01 9.959999999999999964e-01
9.969999999999999973e-01 9.969999999999999973e-01 9.969999999999999973e-01 9.969999999999999973e-01 9.969999999999999973e-01 9.969999999999999973e-01 9.969999999999999973e-01 9.969999999999999973e-01 9.969999999999999973e-01 9.969999999999999973e-01 9.979999999999999982e-01 9.979999999999999982e-01
9.979999999999999982e-01 9.969999999999999973e-01 9.969999999999999973e-01 9.969999999999999973e-01 9.969999999999999973e-01 9.969999999999999973e-01 9.969999999999999973e-01 9.969999999999999973e-01 9.969999999999999973e-01 9.979999999999999982e-01 9.949999999999999956e-01 9.969999999999999973e-01
9.969999999999999973e-01 9.969999999999999973e-01 9.979999999999999982e-01 9.979999999999999982e-01 9.969999999999999973e-01 9.969999999999999973e-01 9.969999999999999973e-01 9.969999999999999973e-01 9.969999999999999973e-01 9.979999999999999982e-01 9.979999999999999982e-01 9.979999999999999982e-01
9.979999999999999982e-01 9.979999999999999982e-01 9.979999999999999982e-01 9.979999999999999982e-01 9.969999999999999973e-01 9.969999999999999973e-01 9.969999999999999973e-01 9.979999999999999982e-01 9.969999999999999973e-01 9.969999999999999973e-01 9.979999999999999982e-01 9.979999999999999982e-01
9.969999999999999973e-01 9.969999999999999973e-01 9.969999999999999973e-01 9.959999999999999964e-01 9.969999999999999973e-01 9.979999999999999982e-01 9.959999999999999964e-01 9.979999999999999982e-01 9.959999999999999964e-01 9.969999999999999973e-01 9.979999999999999982e-01 9.979999999999999982e-01
9.979999999999999982e-01 9.969999999999999973e-01 9.979999999999999982e-01 9.979999999999999982e-01 9.969999999999999973e-01 9.979999999999999982e-01 9.959999999999999964e-01 9.979999999999999982e-01 9.969999999999999973e-01 9.969999999999999973e-01 9.979999999999999982e-01 9.979999999999999982e-01
9.979999999999999982e-01 9.969999999999999973e-01 9.979999999999999982e-01 9.979999999999999982e-01 9.959999999999999964e-01 9.979999999999999982e-01 9.979999999999999982e-01 9.969999999999999973e-01 9.979999999999999982e-01 9.969999999999999973e-01 9.969999999999999973e-01 9.989999999999999991e-01
9.979999999999999982e-01 9.959999999999999964e-01 9.979999999999999982e-01 9.979999999999999982e-01 9.979999999999999982e-01 9.979999999999999982e-01 9.979999999999999982e-01 9.979999999999999982e-01 9.989999999999999991e-01 9.969999999999999973e-01 9.979999999999999982e-01 9.989999999999999991e-01
9.979999999999999982e-01 9.979999999999999982e-01 9.969999999999999973e-01 9.979999999999999982e-01 9.979999999999999982e-01 9.979999999999999982e-01 9.979999999999999982e-01 9.969999999999999973e-01 9.979999999999999982e-01 9.979999999999999982e-01 9.979999999999999982e-01 9.989999999999999991e-01
9.979999999999999982e-01 9.979999999999999982e-01 9.969999999999999973e-01 9.979999999999999982e-01 9.979999999999999982e-01 9.979999999999999982e-01 9.979999999999999982e-01 9.979999999999999982e-01 9.979999999999999982e-01 9.979999999999999982e-01 9.979999999999999982e-01 9.989999999999999991e-01
9.989999999999999991e-01 9.979999999999999982e-01 9.979999999999999982e-01 9.979999999999999982e-01 9.979999999999999982e-01 9.979999999999999982e-01 9.979999999999999982e-01 9.989999999999999991e-01 9.989999999999999991e-01 9.979999999999999982e-01 9.989999999999999991e-01 9.989999999999999991e-01
9.969999999999999973e-01 9.979999999999999982e-01 9.969999999999999973e-01 9.979999999999999982e-01 9.979999999999999982e-01 9.979999999999999982e-01 9.969999999999999973e-01 9.969999999999999973e-01 9.989999999999999991e-01 9.979999999999999982e-01 9.989999999999999991e-01 9.989999999999999991e-01
9.979999999999999982e-01 9.979999999999999982e-01 9.979999999999999982e-01 9.979999999999999982e-01 9.979999999999999982e-01 9.979999999999999982e-01 9.979999999999999982e-01 9.979999999999999982e-01 9.979999999999999982e-01 9.989999999999999991e-01 9.989999999999999991e-01 9.989999999999999991e-01
9.979999999999999982e-01 9.989999999999999991e-01 9.979999999999999982e-01 9.979999999999999982e-01 9.989999999999999991e-01 9.979999999999999982e-01 9.989999999999999991e-01 9.979999999999999982e-01 9.979999999999999982e-01 9.989999999999999991e-01 9.989999999999999991e-01 9.989999999999999991e-01
9.989999999999999991e-01 9.989999999999999991e-01 9.989999999999999991e-01 9.979999999999999982e-01 9.979999999999999982e-01 9.979999999999999982e-01 9.979999999999999982e-01 9.979999999999999982e-01 9.989999999999999991e-01 9.989999999999999991e-01 9.989999999999999991e-01 9.989999999999999991e-01
9.979999999999999982e-01 9.979999999999999982e-01 9.979999999999999982e-01 9.979999999999999982e-01 9.989999999999999991e-01 9.989999999999999991e-01 9.989999999999999991e-01 9.989999999999999991e-01 9.979999999999999982e-01 9.989999999999999991e-01 9.989999999999999991e-01 9.989999999999999991e-01
9.979999999999999982e-01 9.989999999999999991e-01 9.979999999999999982e-01 9.979999999999999982e-01 9.969999999999999973e-01 9.989999999999999991e-01 9.979999999999999982e-01 9.979999999999999982e-01 9.979999999999999982e-01 9.979999999999999982e-01 9.989999999999999991e-01 9.989999999999999991e-01
9.979999999999999982e-01 9.989999999999999991e-01 9.989999999999999991e-01 9.979999999999999982e-01 9.979999999999999982e-01 9.979999999999999982e-01 9.989999999999999991e-01 9.989999999999999991e-01 9.989999999999999991e-01 9.979999999999999982e-01 9.989999999999999991e-01 9.989999999999999991e-01
9.979999999999999982e-01 9.989999999999999991e-01 9.979999999999999982e-01 9.979999999999999982e-01 9.989999999999999991e-01 9.989999999999999991e-01 9.989999999999999991e-01 9.979999999999999982e-01 9.979999999999999982e-01 9.989999999999999991e-01 9.989999999999999991e-01 9.989999999999999991e-01
