1.000000000000000000e+00 1.000000000000000021e-03 3.000000000000000062e-03 2.599999999999999881e-02 1.789999999999999925e-01 4.800000000000000100e-02 2.630000000000000115e-01 8.000000000000000167e-02 1.000000000000000021e-03 3.569999999999999840e-01
1.000000000000000021e-03 1.000000000000000000e+00 0.000000000000000000e+00 0.000000000000000000e+00 1.000000000000000021e-03 0.000000000000000000e+00 0.000000000000000000e+00 4.700000000000000011e-02 5.500000000000000028e-02 0.000000000000000000e+00
5.000000000000000104e-03 0.000000000000000000e+00 1.000000000000000000e+00 5.959999999999999742e-01 5.899999999999999689e-02 2.700000000000000178e-01 1.980000000000000093e-01 1.000000000000000021e-02 0.000000000000000000e+00 1.799999999999999864e-02
2.299999999999999961e-02 0.000000000000000000e+00 6.019999999999999796e-01 1.000000000000000000e+00 1.469999999999999918e-01 5.299999999999999850e-02 2.129999999999999949e-01 1.200000000000000025e-02 0.000000000000000000e+00 3.400000000000000244e-02
1.869999999999999996e-01 3.000000000000000062e-03 8.100000000000000255e-02 1.640000000000000069e-01 1.000000000000000000e+00 7.599999999999999811e-02 2.500000000000000139e-02 4.700000000000000011e-02 2.299999999999999961e-02 5.739999999999999547e-01
2.199999999999999872e-02 0.000000000000000000e+00 2.570000000000000062e-01 5.700000000000000205e-02 8.500000000000000611e-02 1.000000000000000000e+00 1.469999999999999918e-01 3.000000000000000062e-03 0.000000000000000000e+00 2.900000000000000147e-02
2.449999999999999956e-01 0.000000000000000000e+00 1.910000000000000031e-01 2.429999999999999938e-01 4.499999999999999833e-02 1.529999999999999971e-01 1.000000000000000000e+00 4.700000000000000011e-02 0.000000000000000000e+00 6.500000000000000222e-02
7.900000000000000078e-02 3.300000000000000155e-02 1.299999999999999940e-02 5.000000000000000104e-03 4.299999999999999656e-02 3.000000000000000062e-03 4.000000000000000083e-02 1.000000000000000000e+00 2.359999999999999876e-01 1.160000000000000059e-01
0.000000000000000000e+00 5.800000000000000294e-02 0.000000000000000000e+00 0.000000000000000000e+00 2.100000000000000130e-02 0.000000000000000000e+00 0.000000000000000000e+00 2.250000000000000056e-01 1.000000000000000000e+00 2.000000000000000042e-03
3.719999999999999973e-01 0.000000000000000000e+00 2.800000000000000058e-02 3.599999999999999728e-02 5.629999999999999449e-01 2.800000000000000058e-02 8.200000000000000344e-02 1.380000000000000115e-01 0.000000000000000000e+00 1.000000000000000000e+00
